[ 50  32 139  70   1  41  45  30  11  60 128  87  19  30 129  93  92   5
  29  46],0.717333333333
[142  99  92  57   6 108  35  59 105 149  86  82 110 130  82  29   3  34
  28  90],0.754833333333
[ 40  52  67  58  73  27  11  81 137 110  72  27 139 107  28  28 100  69
  21  24],0.722166666667
[135  23  81  64  94  20  37  71  15  58  23  89  17  57  97  93  12 129
  28  76],0.709833333333
[ 38  97  48  51  94 100 105  82  77  57  57 122  54   0 136  65  14   9
  90  29],0.800833333333
[ 52  83  16  74 146  96  35  90 109  56  35  28  48  31 119  72 100  25
 112   7],0.714166666667
[  7  31  49 122  73 109  73   8  29  26 112 107  91  52  94   9 100 120
 145   2],0.742833333333
[ 48  46  50 124   6  20  23   0  97 148  17 122  78  42 105   6  17 136
  35  31],0.742833333333
[  4   9  56 130   4 109 104  70  31  92 125  80  89  28 123  77  19 133
  24  42],0.734
[ 50  31  44  67  93  18  51  17  68  78   3 116  19  45 137  64  40   8
  24  46],0.738333333333
[ 50 149  50  64  92  37   7  77 148 149   3  80  90  44 126 139   6 142
  56  87],0.696666666667
[135  48  56 101   1 137  53  97  12  26 114  83  22  51   8  65  64   8
  18  41],0.7305
[ 29   6  91  96   2 109 116  93  70 105  31 117  48  31   9  96  52 119
  36  75],0.7555
[  2  98  94  68 147  92 146   7   3  51  92  80  22 135  42  66  34  99
 110  43],0.7015
[ 50   9  84  74   1  14  35  74  59  10 125 117  79  34 137  92  98 109
 113 132],0.713666666667
[129  24  91  90   5  26  41   7 148  25  10  86  17  29  86  93 119 145
  53  75],0.755166666667
[ 50 139  49 114  75 111 105   9 120  25  35  83  83 133  91 141  12 120
 107   0],0.7595
[ 48  92  57 124  74   8  46  76   9  53  28  30 136  44  77  14  44   8
  25   7],0.7715
[ 50  38  91 125  74  94 100   8 101  56  86  79  51 104  74 137  71  81
  18  15],0.7345
[ 55 146  93  69 146  25 106  60 149  60  15 121  83  44 103   0  11   9
  25   0],0.7595
[  8 146  25 124  75 106  16  89  82  86 124 119  50  41 123  95  11 143
  27  41],0.725666666667
[ 51  31   8 124  73  94  50  11  82  85 112  36  20  41 125 137  15  10
  25  62],0.776333333333
[132  40  97  65  73  14 118  28  96  48 105 105  17  67  87  94  98  77
 101   0],0.763166666667
[ 50  42 102  58   0 111  35  63  67 141 129 117 140  43  91   6 102  82
  93  40],0.7675
[ 41  23  84 117  32 138 108 101  10  54  28 142  69 127 138  12  34 104
  32  41],0.709333333333
[ 50  83  86  94  80  18  45  96  20  91 139  87 113  42  46 125  96 116
 112 128],0.697
[ 45  33  80 107   1   9  61  11 103  60 139 126  92 103  94  10  18  37
   3  45],0.7055
[ 50  23 108  68  79 114 120  77  79  93   3  89  78 135  48 146  53   0
  29 124],0.775833333333
[140 145 122 122  74 109  73  79 103   0  20 110  99  42  94  29  54 107
  28   2],0.771666666667
[136   9 137  75  73  92  52   0  65  85  52  89  78  42   7   6  19 120
  75  80],0.742333333333
[ 49  91 108 125  90   9  95  11  12   8 124 132  51  44  89 125 106  27
  23   0],0.718666666667
[ 42  31  91 111   0 119 109  59 138  25 140 107  71  33  91  14 100 106
  31  43],0.771666666667
[  5  92  79  91  42 112  16  30   9  90 132  30  99 109  13 141  50   8
  25   0],0.742333333333
[139  38  93  68   9 137  33  76 133 149 121  30 133 109  28  16  90 130
  35   0],0.717666666667
[ 50 147 101  93   2 132 100  29   9  57 128 132  23  46   8  14 141   5
 117  30],0.7475
[ 42  26  14 120  92 148  42   0  67  95 120 105  93  48 128  91  52  28
  21   8],0.746833333333
[ 56  41  17  65  81 108  41  59  14  53 112 126  90   1  92  88  88  10
  21  69],0.750666666667
[130 100  56  92   4  41 107  74 105 148  81 140  22  42 121  60  94  10
  32  67],0.730166666667
[ 54  91 122  65   3 137 109  70 148  28  84 109  48  42 119 139 117 133
  55  43],0.684666666667
[ 52   9  18 111 131 111  43  28  97  25 121 138  51 104 137   1   6 118
 119  46],0.755
[ 41  44  13   0   2 132 147  90  27  62  79  85  19   2 132  22  21   5
  24  46],0.7675
[ 40  25  91 125   2  29  35  83  97  25 128 135  44 101  49  73  95 116
  21  44],0.729833333333
[  7 121 101 122  94 132  38  98 100  57 128  49  93  46 133  14 141   5
 117  41],0.7135
[ 50  26  85  93   2 114 100   0   9  83  52 132  50  44 128   0   3  28
  97  30],0.717
[ 52  88  13 105  72  91 106  61 146  44  86  79  85  51 124  63  17  81
  22  32],0.767666666667
[ 38 146  66 104 146 142 108  80  27  19 114  36  92 133  24  92 105  13
 118  43],0.730333333333
[132  22  80  67  75 146 142   0 105 148  48 110 140  41  16  60  61  81
  27   5],0.755
[ 50  88 137  63   2 113 107  30  67  26  48  82  90 131 131  15 117 109
  21   4],0.717833333333
[ 48  80  52 101   1  20  96  64  13 149 108 136  78  52  92  85  14  10
  35  31],0.722166666667
[ 86  46  82 124   6  11  21  17   9  78  51 106  78  68  93   9  53  99
  32  33],0.725833333333
[130 147  83  58  74  20 106  80 129 142 114  87  85  51   9  92  17  83
  28  45],0.681333333333
[ 54  88 122  90  74  13  13  76 139 148   2  36 136 102 126 141  44   3
  23  75],0.697333333333
[ 40  28  97  58  75  94 100  93 149  57 114 107  78  45 133  27  17 129
  27  30],0.7015
[  1  52  81 112  73  20  37  71  13  57  72  89  17 107  97  93  12   8
 130  75],0.73
[ 50  80  54  57   4 100  71  24  70  96  25 140  48 101 100 147 118   9
  32  38],0.739
[ 45  42  13  57 146   7  61  11  61  53 113  86  83  44 102 139  18  69
  24  32],0.751166666667
[ 88 149  91 101  92  11  27  10  16  57  79 125  47  42 123  89  11 142
  23  45],0.738166666667
[ 48  83  81  68  74  23  61  29 145   1 115 133 135  44  91 141 101   8
  21   0],0.739333333333
[ 76 147  14  76 147 124  16  95  10  25   8 119  27  27  42  78   9  15
  91   0],0.755833333333
[140 143  94  18   2  20  24   8 129  27   9 120 137  36 133   3  54   8
  15   8],0.709166666667
[137  37  63 122   4  92 147  28  66  21 140  85  21  51 136  12  88 120
  24  21],0.738666666667
[ 57  89  86  91  73 136  35  35 147  25 123 124  23 107 134  78  15  15
  34  44],0.725833333333
[ 50  89   0  57   0  95 145  19 100 145   8 140  18  30 142   0 116 128
  19 130],0.751333333333
[135  35 100 124  79 135 102  78 137  27  16 118  44  42 137 137 104 122
  24  40],0.722166666667
[ 50  48  13  65  77   7 144  71 148   9 129  79  50  33  96  16  63 119
  80   1],0.697166666667
[ 53  99  83 113  45 131 118  35   9  58 104  87  47 103  88  63  11   8
 144  90],0.705833333333
[ 30 144  86  65  80  25  22  24 126  58 102  87  89 104  92  63   6   6
  24   7],0.7345
[ 57  24  75 117  15 125 149  74 141  59  24  85  19  57  95  60 105  27
  41  41],0.758666666667
[ 49 146  94  65   1  28  99  59 129  61   3 138  99  44  92  91 102   5
  72  40],0.73
[ 49  94  78  67  15  35  25  85  78 114 132  81  20  31 128  74  12   3
  80   0],0.697166666667
[ 40  28  62  75  74 149 100  74  65  92 127 107  90  42 128  27 119 107
 143  15],0.714166666667
[ 77 145 128  93   1  20  45  93  75  85  52  89  48  42 119  29 126   5
 130 109],0.734666666667
[  5 146  65  57 147  20  46  92  96  62 131 135  48  45  94  80 102 133
 123   4],0.771833333333
[ 61 100  82 111 138  30  41  77  75  10  53 143  82 120  91  18 119 115
   7  78],0.7215
[  5  36  82  80   1  20  43  84  91 114 132 146  50  33  28  19 105  31
  78  80],0.7715
[ 59  56  13  56  42  90  42  26 108  44 133 138 110  52  84   9  52  69
  53   4],0.747
[139  86  82  69 146 137 109 143 133 117 132  30  85  44 137  87 105  82
  21   0],0.780333333333
[  2  38  13  20   3 139 106  78   8  92 114 130 108 106 109 101  90 142
  35  44],0.714333333333
[  4  42 108 104  77  26  99  17 145 145 139 120  47  28 136 144  11  35
  25 128],0.738833333333
[ 40  94   0 122  74  95  50  74  67   8 121  79  50  89  77 143  52 106
 131  75],0.7305
[ 55  37  78  74   0  18  35  29 122  78  31 103  18 130 129   6  21   5
  30  78],0.771666666667
[ 30  74  53 124  41  25  65   8  65  62 132  85  82 128 126 145 105   5
  24  43],0.7425
[137 149  92 106   1  14  23  82  96  26  57  73  71 102   7  93 116  34
  53  62],0.776666666667
[ 86  23  88  65  32   9 118  11  19  92   4  85 147  33  44  58  49 144
  33  43],0.755166666667
[132  48  93 111   1 100 105  10 132  53 114 109 110 136  42  74 100  99
 104  39],0.763666666667
[  4  96  88   6   3  34  24  28 149   1 118 103  85 123 137   0  18   5
  31  18],0.730166666667
[ 54  91  75 111   3 137  43  28 147  28 129 109  48  42 133 139  52 133
  55   0],0.7475
[  1  39 122  68   1 149  45  28 148  25 121  37  51  15 119  89 117 106
 135  43],0.713833333333
[  1  31  58  57  79  19  34  19 100  13  16 112  88  33 119  89  92 120
  27  42],0.676166666667
[ 38 146  80  55 131  16  33   0  67 107  25  88  78  93  16  10 103 101
  29  18],0.755333333333
[ 49  91  53 124  90 126  20  97 129  49 124 103  44  30 139   7 104 122
  24  39],0.743
[ 50  37   0 113  80 135 145  78 137 145  16 140  48  42   6   0 105   7
  28  40],0.7635
[136  83  84 117   2 108  96  63 137  54  28 142  48   7 138 139  98 104
  23 128],0.7095
[ 45  52  63  65   3  20 108 101 146   9 121  78  48  46  47  12  98  77
  32  45],0.7135
[ 37 149  50  69   3  37  35  77 148 149 114 137  80  44 126  65   6   7
  56  41],0.730666666667
[ 50  88 114  64   1 136   7  29 142 141 124  80  90  30 124  58  52   8
 115  62],0.709666666667
[128  99  27  64 132 146   7  77 146  60 114 142  17 132  74  89  99   5
  55 126],0.762833333333
[ 30  34 109  91  73  94 108  18  27  58 122  79 137  44 103  89 118  92
  23   1],0.7675
[127  37 111  95   6 140 121  59 124 147  16  84  48 130 135  92  71  95
  21   5],0.725833333333
[ 78  26  91  58  71 149  46  78 141 142 102  86 135 120 140  56  15  10
  28  45],0.734833333333
[137  37  82 126  74 148 104  29  31  58 129 136 110 123 138   7  99   5
  24  44],0.742666666667
[ 41  37  79  69  42 141 118  63   3  55   4 109  69  16  94  63 120  12
 144  29],0.734666666667
[ 57  81  59  58  92  26  45  88  26  25 141 108  47  28  93   9 113  14
  90  28],0.729833333333
[ 38  35  57  60   1 108  43  16  67  65  31 103  80  92 131  88 104 113
  25  27],0.780166666667
[129  79  43 114  75 140 144   9 103  88 113  85 141  41 137  85  61  81
  75  44],0.7135
[ 29  23  45 107 124  18  17  93 105  11  48  87  85 106 138  61 116 122
  90  45],0.705333333333
[  6  83 139  57  18 138  46   0  93  55 101  87  19  65 129   6  21   5
  29   4],0.7725
[132  26 101 112   2  94  40  30  11  24  84 132  93 130 128  93 141  10
 131 144],0.713333333333
[ 50 146  83  68  84 149 104  10   6  88  15 122  22  70 109  76  11  78
 146  34],0.725666666667
[ 52  83  15 111   3  96 106  81 100  63  57 136  48 105  42   2 100  31
  24  44],0.796333333333
[ 37  89  54 114  83 100  34  29 143  53  25 136 137  53 146   0   6 132
  27 144],0.722333333333
[ 45  42  63  57 146  20  61  11  70  53   8  86  48  44 100 139  18  69
  24  32],0.726833333333
[ 38  26  92  64  72  36  73  17  16   7 132  85  92   3  48 147  71  15
  25   8],0.717333333333
[ 58  38  90 125  82 119  69  84 137  25 115 115  51  70 126   9  99   5
  25  62],0.696833333333
[ 50  74  13  68  71 146  74  74 135 148  48 117 137  66  28  74 117 132
  13   5],0.735
[ 56  41  53 109 147 140  24  83  27 149  53  76 142  89  44  56  13  13
 103  44],0.763166666667
[ 40   9 139  86  85 133  42  71 137  89   1 133 127 101 135  12  95  81
 112  32],0.697166666667
[ 44  54  86 104   4  23  79   8  82  52  16 140  39  73 136  76  96  83
  83  44],0.800333333333
[ 50  23  12  93  80 138  46  74 147  83 105 138  88  31  46 125  11 142
  29 136],0.779666666667
[ 37 145  86  94  32  55  45  96  10  91 139  87 113  44 140 125  34 116
 112  41],0.722333333333
[ 38 147 122  68   0 105  73  79 103   0  20 110  78  42  94   6 100   5
  24  31],0.746833333333
[ 49  31  30 124  81 109  44   7  28  95  27 105 135  47  28  90  64  28
  89   2],0.746666666667
[ 41  31  17  61 146 149  35  79  31  25 140  86  56  48 144  64 105  70
  55  58],0.755
[ 77  80  16  65  80  36  96  29  14  53 120  86  51   2 138  69  52  82
 106   3],0.764
[127  43   0  65   7  26  69  82  79  81 125  80  82 107 129 137 100 124
  78  77],0.784333333333
[ 58  81  97 125  81   9 142  29 137  13 135  85  51  70  88  13  15 117
  25  44],0.738333333333
[ 40  76   0 121  77  25 103  18  14  53   3  86 100  42 103  61 117  17
  21 124],0.747333333333
[ 57  97  93  96   1  92  38  80  65   1 113  79  84  44  86  89  71 143
  31  62],0.7465
[ 51  39  80 126  73  80  46  79 103 141  22  85  70  56 127  89  73  15
  79  40],0.78
[130  48  79  53  77  26  27   8 106 141 138  79  80  41  43   6 120 122
 144  40],0.763333333333
[142 147  93  78   3 135 142  81  67  12 111 126 137 104 132   0 101  74
  51  30],0.730166666667
[  0  83  17  67   1 125  48  14  80  82 139  90  98   2  95 138  90   4
 112   4],0.717666666667
[  0  31  13  18 134 139  41  85  28  10 103 125  51   1   9  13  62  31
 118  41],0.742833333333
[ 38 121 102  90   7  80  71  81 100  59  76  85  92  49 126  95  11 107
 106  78],0.7175
[129  32  75  17  75  14  40  69  97  54  16  36  99  49  88  28  95   5
  74 127],0.734
[ 41  85  91  65  77  23 121  81  28  24 113 126  80  44 143 141  53 132
  56  41],0.746833333333
[136  26  84 131  80 110  35   8 137  62 140 145  99  70 126   0  12 123
  21  98],0.722
[  5  38   0 126  44  22 121  24  67   8 112 140  90  42  93  91  38   5
  24   8],0.763166666667
[ 40  42  92  65   4  25  98  82 128  28  57  85 147   1 103  78 116  25
  53  62],0.73
[134  54  78   5  73 116  53  17  96  27 108 135  99 102 136  94   3  34
  78   4],0.78
[ 50  96  60  68   4  25 106  70  18 138  35 135 137 130 123  12 102   3
  32  84],0.763
[127  25  27  69 140   8 105  14 125 105 126 109  74  11  77  91  53 143
  53   3],0.746666666667
[  2  35 137  77   2 110 102  36  19 149  52  88  95  42  28  66  12  34
  25  44],0.734166666667
[ 50  22  78  66  73 116 104  30  67  26  48  82  90 131 131  14  61 109
  27   4],0.771166666667
[ 55 145  75  74  71 106  25  89   9 144  31 123 108  49   8  29  22 120
  37   9],0.709666666667
[130  86  81  65   2  23 121  59  28  89  16 136  75   0 143  58  53  11
  21 127],0.784166666667
[ 37 145  60  70   6 103  44  59 105   6 129 120  78  42  91  29  55   3
  28  84],0.705
[142  99  92  16   0 108  45  84  25  60 133  82 110  30  82  12   3  34
  53  46],0.755166666667
[ 49  32  87 112   0 119  23  26  16  95 120 121  92   3 123  90  92 119
  56  74],0.7305
[ 49 147  14  63   3 105  99   7  65  27 140 105  22  43  28  88 116  28
 146 144],0.722166666667
[ 49  86  60  65  71  23 121  59 107 142  16  87  80  49 143 137  66 129
  21  56],0.751666666667
[ 41  26  72  68  76 111 146  86  12 148 117  87  48  30 131  79 103  70
  25 127],0.734
[  1  44  14 123  95 133 104  29 129  89  21 103  17  93  77  87 100   8
 141  30],0.730166666667
[136  98  91 112   3  44 105  90  26  25   0 142  17  45 137   9  11 106
 143  98],0.755
[130  35  54  65  55  55 104  77  19  10  21 142 142   0  97   9  53 113
  25 106],0.796333333333
[ 57 149  57  61  94 148 106   1  26  27 115 103  19   0 126  64 103   5
  21  37],0.758833333333
[  4 146 141  90   1  36  38  32 147  55 132  87 129  68  45  10   9 143
 126  45],0.6965
[137 139  12  77  82  26  35  17  99  29 129 117  97 103 136   5 103   5
 132  40],0.701333333333
[129 146  27  58   2 132  40  29  76  54 107 138  50   0 126  28  99   7
  78  43],0.713333333333
[ 58  38  14 109  42  96  69  90 141  43 115  86  48  70  89  65  95  81
  24  40],0.725333333333
[134  39  80  65  82  25 106  80  49  88  27  36  17  51  42  69  15 119
  22   0],0.772333333333
[136 144  89  68  81  14  76  32 121 105 113 119  90  44  17  92 119 120
 143  84],0.705333333333
[  7  41  59 115  94 111  16  97 102  53 105 125  50   0 126  88  18   6
 127  69],0.788666666667
[ 41  42 141  96   3  14 106  30  82  27 109  85 140  49  97   0  66   5
  18   4],0.726
[135  98  72  77  81 116 121   5  68  80  26  86  17 117 143  79 141 129
 130  44],0.767666666667
[ 41  86  47  65  71  23 142  59  11 142  16  87  80  49 129   1  66  10
  21 127],0.7175
[ 57 146  78  61  81  95 104  30 126  56 116  36 110  49 133  92  43 119
 118  18],0.734166666667
[  1  95  92 124   2 149 147   2 106  57 114 126  82  32 132   9  71  15
  24   8],0.726333333333
[  1  99  73  68   1 113  38  77 134  60  12 135 110  16  48  89  53  37
  27 128],0.7135
[137  99  61 108   1 113   7  77 131  26  12 135  92  16   7  89 105 107
  25  18],0.701166666667
[  4  39 122 124   8 123 123  79  31  25   3 109 138  69 125   0  89   3
  81   0],0.705333333333
[130  38 122  68 134 138  41  29 106  27   2 137 136 104  42   0  21   3
  28   0],0.771833333333
[ 86  41   0  65   3  27 142  19  31  18  35 126  78 105 129  14 105 119
 127  47],0.751666666667
[ 59  43  17 107  81 111  17  89  12  53 112  76  90  42 138  60  53  11
 119  69],0.709666666667
[130  86  56  92  10  26  32  82  16  18 111 126  10   1 131  12  11  28
  29  41],0.726166666667
[ 90  52 122  61   2 111  35  11  67  25  95 107  47 105  91  77   3 143
  23  87],0.734166666667
[  1  55   0 126  94  95  41 138  67 117 125 140  15  27 101 138  21  13
  74  18],0.746833333333
[ 45 147  83  61 131 135  45  13  79  56   6  87  23  69 133  88 116   5
 144  73],0.738333333333
[ 49  83  96 125  71  23  35  82 137   7 103  85 108  49  28  58  53   5
  25  77],0.767333333333
[130  86  75  65  72   9 121  59  28 142  16 123  82  46 143 138  20  11
  21 127],0.755166666667
[ 49  40  82  74  82  14  38  91  68  29 142  81  50 135 119  95  18 106
 130  75],0.751333333333
[130   9  93 111  85   8 143  90 137   0 104 138 101 107 101 139  22  14
  19 128],0.713166666667
[  1  44  49  78  81 114  42  59 129  50 141 126 112  42  77   6   6  27
  95  64],0.746333333333
[  0  56   0  65  94 136  47  75 147  25 129 142  51  93 133  89  66 106
  29  40],0.755166666667
[138 146  13  73  92  23  32  83  75   9  25  84 112  44  47  71 117  52
  53  41],0.755166666667
[ 50  32 102 125 133 142  35  30  28  78  26  87 137  16  94  14  61   4
   9   0],0.7545
[125  11  81  65 146  49  35  63 106  59 116  88 131 109 127  65  61   7
 115  48],0.738166666667
[ 50  88 115  69   1 133  35  30 129 141  26  87  80  33 123   5  54  71
 130  62],0.705833333333
[ 38  81  17  65   1  26  45  88  26  25 141 125  90  92 138  60 113  14
  25  28],0.751166666667
[ 59  41  57  58  81  27  17  19  31  53 112 109  47  42 131   9  53  10
 127  69],0.7515
[ 86  80  80  17  43   5 141  82  67  54   4 138  78   2 125   0  68  80
  32 133],0.771833333333
[ 74 139  52  68   7 128  40  88  10 149 120  79  51  47 123   0 102  99
  53  41],0.775833333333
[ 52  97  86  71  92 108  43  16  67  65  77 126  47  66  93 138   4 113
   4  40],0.746833333333
[ 57  35  57  60   2  30  42   9  82 147  31 103  81  28  15  88 104  69
  90  27],0.746833333333
[131 147  50  57 131  24 147  63 100  77  16 132  19  16  18  89  14 122
  26  18],0.788166666667
[ 38 146  80  68  55  16  34  19 129 107   3 112  75  33 119  69 103 120
  29   0],0.768166666667
[136  48  56 101  92 134  53  29  12  26   3  83  22  45   8 139  53 142
 146  87],0.763833333333
[135  86  44  57   3  28  35  97  82  89  88 133  78  51 100  64  66   9
  18 101],0.722166666667
[ 48  38  81 101  92  23 109 143 145  57  79  30  47  44 137 141  90   8
  35   0],0.739166666667
[141  83  82  69 146 137  61  10 133 114 132 133  85  44  91  87 101  82
  21   0],0.801166666667
[ 56  21  16 122   1  13   7  78 122 148  79  73 132  84  28  74  55   6
 130  48],0.768166666667
[  5  74  53  68 147 146  24  74 135   3  48 117 137  66  17  83 117  13
  13   5],0.743
[ 86  96  27 106   4  25 101  14  19 148 129  85  74 123 126  58 102 143
  53  39],0.739166666667
[ 50  43  88  69  84  14 106  99 125 138   4 109  47  11  44  91  91 142
 135   3],0.717833333333
[132  97  94  69   3  25 103  77  16  53 114  81  51  15 145   2   3  10
  27  45],0.762833333333
[128   5   9 125 132 114  18  72 106  16 139 118  17   5  91  18  91  10
   8   1],0.689
[131  32  86  57  74  13  96  90 148  55 132  27  81  29  46  32   6 125
  35  44],0.755166666667
[ 29  92 100 130   3 135  19  11  32  92 124 135 133  33 142 137 116 122
  24 130],0.730166666667
[ 50  41  50  77   9   5  35  93  19  11 108 109  50  29  45  62 102  96
  21  41],0.775833333333
[ 41  38 137  68  15  49  42  80  10  56  78  80  90  46 135  63 105 125
  56   0],0.73
[ 86  25  13 123  71   9  16  11  10  94   4  85  99   2 132  21  50   5
  24  46],0.743
[ 40  41   0   0   2 132 147  90  27  25  79 137  19  44  44  58  21  14
  26  44],0.730333333333
[ 40  98  80  90  42  35 102  63  12  27 115 140  90 137  45  65  15 133
  53  44],0.709666666667
[ 58  94  82  78  10 110  21  92  10  50  57 138  24  29 138  89  53 140
  97 128],0.7425
[135  89 100  57   4  94  79  19  88  46   8 118  18  30  92 137 120 127
  19 130],0.718
[ 50  99  79 102   3  27 102  23  97  27 132 108 139  47 142  89 116  99
  55   0],0.750666666667
[128 149  27  64 132  94   7  77  15  60   4  82  17  44  74  71  99   6
  23 126],0.734166666667
[ 40  99 100  70   0  38  35   8 146   8 114 142  99  59  40  89   3 121
  25   0],0.738333333333
[ 39  21  49 123  10  28  70  62 148   6  29 142  92  42 123  98  90  82
  21   0],0.808666666667
[131  44  92  53  81 136 100  70  28  12 116 120 136 134  79  73  63 112
  29   7],0.7345
[130  41   0  67  42 119 106  81 105 141 104 137 111  49  79   5 116  10
  27  78],0.73
[  0  38  80 111  74  94  34  93 137 117  80 116  50 105  94  95  44  78
  24   2],0.797333333333
[134 144  81  77  72 141  19  63  31  44  24 119 110  67  80   4 120  13
 112  40],0.734666666667
[ 40  39  59  69  41 111 118  84 146 105  27 109  50  48  19  13  94  12
 144   0],0.763666666667
[136  56   0  68  81  91  42  59 147  25 126 123  51  42 133  89  25 122
 118  40],0.767833333333
[  1  37  80 109  71 114 105   0  77 103  12  88 137  10   7 140  66 106
  29  39],0.754666666667
[136 145  86 115   2 111  53  79 126  10 102  85  78  57 106   0  93  27
  33  39],0.783666666667
[ 57 143  81 124  83   7 104  37 106  54  26  86  27 114 129  78 141 140
  25  74],0.754833333333
[ 38 100 101  65 131  35 121  18  19 142 114  78 135  49 143   0  15  37
  21  98],0.764
[137 143 104  68  82  25  41  93 148 142   9  36 149  92  92  89 100 120
  56 128],0.7135
[129  83  91  17  75 109  40  69  97  36 113  36  99  44  90   5 100   5
  56  41],0.714
[ 48  32  80 111  42  14  31   8 103  54 114 138 136 105  40  28  95  10
  25  46],0.7425
[ 45  91  63  65   3 105  19  63 146   9 121  78  48  46  47 139  15   5
  23  45],0.738666666667
[  7  52 139  51   0  20  96  85 103  77 129  86 135 103  48  63  98  77
  74  44],0.7715
[ 40  38  54 126  44  53 142  24  31  82 139 140  89  42  43  58  12   5
  24  98],0.734333333333
[  5  37   0  53   4 110  35  60  67   8 112 139  19  42  93  91  15   3
  18  78],0.7555
[  5  79  14 132   2  34 107  75  67  25   3  28  98 148 129  64 103  10
  56  86],0.681
[ 37  97  52 123   3 149 106  86 132  53 125  86  78  66  87 144  52 132
  24  29],0.730666666667
[130 121  85 122  94  13  13  76 136  85   2  87 136 102   9 141  44  28
  23  41],0.709333333333
[  7 147 122  90  74 114  38  98 100 148  52  49  50  47 133   0   3   3
  97  45],0.7385
[127  98  80  90  10  35  40  63 126  27  57 136  90 137  49  92  21 140
  97  44],0.705166666667
[ 40  26  81  58  72  20 102  80  12  42 132 140  78  51  45  91  15 133
  28  72],0.722
[ 57  35  94  58  55  17  40  77 141  10 140 103 137   0  89   2 118  28
  15  37],0.792833333333
[129  21  14 123 149  14  43  62  17  53 116  86 142  44  79  12  99 113
  21  41],0.751333333333
[ 84  34  13 124   6 123 101  10  97   6   8  87  99  69 123  93  97  12
  18  78],0.705166666667
[131 147   0  61 131  95  45  79  33  56 102 136 135 133 133  88  51   5
  23  18],0.792666666667
[139 146  82 114   0  28  32   9  67  88 134  83  19  51 103  92   9 122
 106  41],0.763666666667
[127  56   0  68  51 114  42  87  97   6 114 139 110 135  42   0 139  11
  26  43],0.713833333333
[ 55 146   0  74   1 149  65  89  97  78  49 120  48  10 136  74   8   2
 135   7],0.738666666667
[127  89  44  61  51 103  35  60 124  57 104  79 112  44  91  58  98  70
  14   3],0.763166666667
[139  39 142  65   9  92  35  29 137  53  88 138  85 133  46  67   9   3
  35  56],0.730333333333
[ 61  38  14 109  42  96  69  63  76  43 115  32  48  70 126  65  99  81
  24  40],0.7635
[  4  88  63 115   5  20  24  29  82  53 101 139 137  53 101   0  14 132
  21  18],0.817166666667
[ 38  40  60  72  79 148 106  97  79  51 133  81  92  33 132  78  92 106
  21   8],0.742333333333
[133  52  65   6  75  92  11  89  16  92  31 133  53  29  86  29  18  26
 145   0],0.730166666667
[ 41  40  91  92  10  27 103  78  67  28 101 120 113  49  41  93  89 143
 130  39],0.721333333333
[ 76  44  78  18 147 124  24  95 129  27  11 122  27  27  42 137   9 120
  37   0],0.738666666667
[ 59 147  14 122  71  93  17  34  31  49  30 112  78  49  13  78  50   8
  91  20],0.692333333333
[  4  85  81  72  82 148  37  96  76  24  97 117  92  27  15   5  63   5
  21   8],0.7015
[ 78 144  78  96  78 141  40  71  64  29 129 133  54  49 133   0 119   6
  29  87],0.76
[140  87  85 111   5  30 104   8 148   9 101  49  17  49  18   5  94 106
  26  87],0.7715
[129  24  79  90 131  11 102  18 123  51  10  86  81  44  86   0  98  11
 106  87],0.742666666667
[131 148  82 124   6  20  78  64   9  25 108 136  78  49  48   6  17  10
  35  36],0.751333333333
[ 48  46  78  86 134 125  96  91  27 148   3 132  95  52  92   9  89 124
  28  31],0.7345
[ 77  23  51  77   1 141 108  29 135 149  27 120 110  33  28  58 106  78
  25  44],0.759166666667
[  5  35  80 133   2 112  73  18  31  53 114  28  19 104 138  69  20 113
  25  58],0.7505
[  3  81  83 122   4  36  49  27  28  50 138 136 136 109 130  18  41 134
 106  34],0.730166666667
[122  86  62  15   9  23  71  82   9  58  92  85  50 134  93  12  87   5
  28 132],0.7175
[135  37 122 125  94  92  35  60 147  19 139 124  23  54  94  58 116  15
  24  34],0.763833333333
[ 40  37  54  53   4  53 142  28  31  82  95 139  19  42  43   0  15   3
  18  78],0.771666666667
[141  21  31  68   3  99  35  76  82  89  88  27 131 104  28  64  53   9
  24  77],0.726
[135  86  45  64  85  28  16  62  67  55 129 133  74 109  28  61 108   5
  23   4],0.746666666667
[ 55   9  43  19   3 149  43   8  92  88 140 145  99  41 100   0 116 122
   5   8],0.709833333333
[136  26  85 134  80  22 121   8 137  62  46 136 142  70 126 148  35 123
  24  41],0.751333333333
[ 54  48  83  76   1 142 104  37 149  54  26  79  75  10 137  58  73  25
  39 112],0.7925
[136 144  81 124  83 111  29  97 106  56 134  86  27 117 129  78 141 140
  27  72],0.751
[ 50 149  86  74   0 111 143  28  32 149 138  87 141  42  84  12  61  71
  25  36],0.779833333333
[122  22  30  70  91 136  42  82 135 107  27  86  90  44  93  76   9  78
  28 135],0.7465
[139 146  56 114  80 149  32   9  67  25 134  83  19 135 131   0 139 122
  28  43],0.7675
[ 50   9  82  74  51  28 121  78  26   6 111  85  22  42 103  37 105 122
 106  19],0.755666666667
[ 50  35  86  57   3  11 101  30 129  45 127 140  80 101 131  19  52 123
  90  38],0.763833333333
[ 50  80  13  67   4   7  71  24  61  96 113  87  83  44 102 147 118   9
  32  44],0.738333333333
[ 59  48  79 111   5  14  16  97  31  92   4  36  48 123  84   7  52  99
  75   0],0.7175
[130  23 100 133   3 111  19  11  10 105  31 123  99  56  32  73 116 105
 105  36],0.713666666667
[ 57  91 122  58  71  21  32  93 148  61 121  73  89  49 119  74  99 132
  41  43],0.722
[138  43  91  68   2  80 121  97  67 105 115  87  48  10 136  29  91  34
 135   0],0.763666666667
[ 50   9  13 145  82  96 118   1  97  25  15 136  51 135  74  32 105 107
 112  78],0.721333333333
[137  23 122 108   0  17  34  77  96  26   3 109 110  42   7 146 100 124
  29  44],0.7135
[ 88  98  82 119  75  21  79  10  30  46 120 136  99   0 143   2  15 124
  37  45],0.763333333333
[ 88  38  86  70  72  94  50  96  13  53 139 133 146  13  18  10 102 107
  25  41],0.751
[138  94 128  75  84  20  45  93  16  85  16  89  50  42 119  29 126 107
 143 109],0.734666666667
[ 77 145  75 124  74  23  13  17  65   9  52  82  48  58 103  60 103 134
  21  43],0.739
[ 48  92 138  93   1  38  46   8 147  36 106  30 136  49 141  74   3   5
 127   0],0.713333333333
[  7  41  59 115   3 111  16  97 102  53 109 125  50  31 126  88  66   8
  17  69],0.751166666667
[ 37  32  91  17  82  14  40  69  97  54 113  36  78  44  90  28  95  10
  56  41],0.713666666667
[129 149  13  68  75 135  41  97 145   9 132  36  99  46  92   0 100   5
  30   0],0.742833333333
[ 61 145  63  16  75 102  48  84  25  28  31 120  51  42  91  12  53   3
  53  84],0.730166666667
[ 37  36 139  90   0 108 103  15  27   6 133  90  78  29  94  31 102  14
  53  74],0.722
[ 77  23  51 124   1 141 108  18 135 149 114  86 110 104 138  58  20  78
  25  44],0.726
[136 144  82 133  83 111 104  37 106  54  26 120  27 117 129  78 141 140
  27  72],0.7635
[ 37  38  87  55 147 103  41  82  75  94  51 120  82  28  18  10  54   3
 123  84],0.762833333333
[  8 145  82 122  71  13 106  96 105   9 139 136 146  49  91  89  96 107
 105  75],0.751
[139 100  83   0  51  92  35  79  67  59 134  83  19  18 103  91 139  16
 109  43],0.755333333333
[  7  31  53  76 146 111  35  70  99   6  14  86 110 135 126  78 100  31
  89   5],0.776
[  1  34  86  75   1 148  52  30 106  47  16 122  99  49 145  92  96  10
 118  80],0.718666666667
[132  95  78  61  81  95 104   7   9  58 114  36 110  27 132  78  43 119
  75  18],0.750666666667
[ 57 144  60 115  80   9  73 134  11   1 132 116  98  30  83 139 103   6
 114 109],0.717333333333
[  5  43 122  59  73  25 106   5 137  26 145  28  50  67 127  65 144 132
  15  44],0.7965
[ 29  79  45  68 124 123  17  93 105  11  48  85 138 106 138  61  61  81
  90  45],0.746833333333
[  4  39 122 107   8  18  41  29  31  25   3 109  85  69  42   0  21   3
  81   0],0.734833333333
[  5  37  80  77  73 110 102  36  19 149  79  88  95  66  28  73  11  34
  25  44],0.738666666667
[ 28  20  78  93   1 146  42  79 123 147  52  85 137  42  15  66  12  11
  21  44],0.680833333333
[ 55  28   8  69   4 104  33  33 123  54  86  76  78  44 135  91  23   3
  27  15],0.738166666667
[ 37 100  91  65   0  25  26  92 146  53  92 106  78  29  76  18  64   7
  28  15],0.733833333333
[ 40  38  54  53   3  53  46  60  31  82  28 139 112  42  43  12  15   8
  18  64],0.742333333333
[  1  37  16 117   2 108 142  35  19  56 139 117  19  44  77  58  96   3
  30  78],0.717666666667
[140  37  90 136  80 111  13  71  14  58 130 142  69  16 136   0 107   6
  28  41],0.701166666667
[ 50  89  17  65 146 147  61  98   9 149  51 133  75   0 138  64 120  82
  35  44],0.779666666667
[140  39  81  99  72  23  42  92  67  25  10 103 137  42 126  93   6  25
 144  41],0.684
[ 40 144  78  69   4 141 118  63 144  44  24 109 113  48  80  13  94  12
  55   0],0.78
[134  24  14  68  53  44  41  96  80   3  79 109  92  16  91 136 119   8
 140  45],0.735166666667
[132  85  54  69 132  42  35   0  19  24 107  89  92  27  16  85  99   5
  89   8],0.775666666667
[ 49  72   8  77  90  25  39  89 128  82  29 132  51 136 119  92 128  27
  31  44],0.750333333333
[137  91 108 125  15   9  95  59  12  25 140  88  19  44  91 125 106 145
 104   0],0.754833333333
[ 50  32  85  68  75 100  49   6  91 148   4  81  87 109 137  15  17   5
 130  83],0.726
[138  81  62 124   4  23 106   6   9  58  92  85  50  50 136  12 113   8
  53  87],0.738166666667
[ 41  81  91  16   1  11  61  10  28 148  31  76  17  29 122  78  13 119
  29   6],0.705666666667
[ 52  95  80  74   3  25 105  89  67 146  48 122 137 132 126  62 105   7
  53   5],0.734666666667
[131  38  81 111  95 100  70  62 147  53  35 105  88  42  43 146 126 107
  32   0],0.746833333333
[ 30  38 137  69  51   9  74  28  10  27  48 120  19  45 101  94 103 109
  29 124],0.763333333333
[ 50  89  13  65   4   7  61  24  67  53  27 130  76   0 102   0 100  74
  35  32],0.771666666667
[140  80  52  57   2 144  71  97  61  96 113 140  83 101 127 147 118   9
  32  38],0.725666666667
[ 30  26  92  65   0  35  43  84 147  62 120 117  99  52  97  94 108  14
  24   4],0.780166666667
[127  26  91  58   1  25  38  79 141  51  55  73  92 101  93   2  23   5
  23   5],0.718
[134 144  76 124  81   9  41   8   9  88  23  81 110 130  18  34  99   3
  33  78],0.705333333333
[ 39  52  81  68  81  58  35  37  10  92  52 105 113 117 129  78 141 140
  27  75],0.747
[132  54  75  66   0  20  61  79 103  77 134  81  98 135  92  66 105  87
  58  40],0.775833333333
[ 39 146 139  68  82 103  46  59  67 141 133  85  49  52 137   6 108  13
  18  44],0.739
[  1  33  14  61  15  95  34  82  67  78  13 126 137 104  39  60 126   8
  91   0],0.7555
[131  36  82  97  82 140  42  17 147  53 115  87  48  13   5  10 108 133
 112 124],0.701333333333
[  4 139   0 112 132  26 104  97  79  48  35  87 136 107 101 137  65 120
 119  39],0.767333333333
[ 50 137  60  69  42 103  35  18  80  28 107  89 126  16 123  85 101   5
 132   7],0.743
[122  38  81  65 146  49  35  63 106  59 116  87 131 109 127  10   8  70
  14  48],0.7225
[ 39  11  44  60   1 149  35  60  27  55  78  88  50  44  91  65  54  71
 130   7],0.7515
[ 50  44  93  16  75 108  18  92 149   4 135  25 135  31  94   0  49 122
 141  42],0.705833333333
[137  93  73 125   1   7  46  17 149 148  24 125  14   2 140 149   3   9
  36 129],0.788166666667
[ 49  32  85  58   5 112  53   8 148  25   3  79  75 132  86  76  50 100
  18 128],0.709333333333
[129  24 101  90  75  11 104   8  15   9  10  86  17  49  91   0  98 106
  26  87],0.751
[136  97  81 132   6  34 106  37 106  25 125  86  27 148  88  64 141 137
  56  72],0.709166666667
[  5 144  14 124  83 111 104  75 132  55  26  28  98 117 129  78 103  10
  27  86],0.764
[ 40  41  17  69  72 141  17  19  31  53  27 126  90  50 138  13  53  10
 144   0],0.751666666667
[ 59  39  81  65  81  27 118  63 146  44 112 109 110  42  80  60  94  12
 127  69],0.7755
[140 144  78  99   1  23  24  95 129  27   8 103 137  27  42  78   9   8
  91   0],0.700833333333
[ 76 147  14  18 147 124  42  92  67  25  10 123  27  42 126  93   6  25
  55  41],0.717666666667
[ 41  41 122  93  74  14  43  35  59  26 129 142  78  93 136   0  52 143
  39  62],0.743166666667
[137  41  49  79   3 111 103  62  31  13  28 142  53  44  92 138  15   9
  28 133],0.734666666667
[ 59  27  94 125 149  14  40  62 103  53 116  86 137  44  94  12 118  28
  15  41],0.759666666667
[129  21  79 111   5 109  21   8  16  47  86 123  48 105  79   5 123 132
  24  42],0.780833333333
[135  36  80 115  77  19 106  80  67 149  16  87  15   0  46  92  52 106
 128  16],0.755
[ 50  88  13 125   0  30 102  95  13   0  27  85  90  27  40  69 106  14
  97  41],0.784666666667
[ 40  90  86 136  90  35  42  71  96   9 129 121 110  29  46  12  17  83
  30   8],0.701
[ 54   9 122  86  85 133 147  79 137  89   1 140 127  73 135   0  95  12
 114  32],0.747166666667
[  7  31  13  76   7  80  41  85  28  59 103 125 110  18 126  78  62  31
 118  41],0.7265
[  0 121  53  18 146 111  35  79  99  59  14  87  51  49 126  13 100 107
  89   5],0.742666666667
[ 55  23 108  68   4  27 100  93 123  57 127 108 140 106  95  32  98 122
  21   0],0.775833333333
[ 50  99  79 102   4  27  79  23  88  46 132 139  51  47  74  89 120  99
  55  30],0.7505
[134  84  10 124  82 132 109  92  33  44 131 138  54  45 101  78  63 128
  15  83],0.7095
[ 57 100  60 127  84 135 147  17  16  19  83  79  22  42  91  89  51 119
 143  98],0.726166666667
[140  87  79  67   1  26 102  18  80 149 101  86  15   0  18   5   4 118
 106  39],0.701333333333
[  0  48  79 111 131 137  23  97   8  51  99  49  81 123   8  29 103 142
  22  87],0.763666666667
[130  90  80  65  90  79 105  56  69  25   3  76 137 132 137 138 105 118
  24   5],0.721333333333
[137 143  94  68  81  20  41  58  97 148 113  88 134  51  42 135  54  15
  15   8],0.725833333333
[  4  38  16 125  72  94   7  82 137   9 133  81 132  70  18  65  99   5
  21 132],0.705333333333
[  5  21  95 122   1  13  70  78 122   3  79  73  82  84 124  83  55   6
 130  48],0.759166666667
[ 50  26  81   0   2  16  42  79 147 149 140  82 100 103 129  97  90  14
 131  44],0.750666666667
[ 50  89  17  91  15  92  50  35  66  59 120  28 133 107  91  89  52  13
  34  80],0.759166666667
[ 57  83 139  57  18  17  46  77 141  55  84 103  19 130 129   2  21   5
  29  37],0.734166666667
[  6  35  14  58  55 138  43  30  11   7 140  87 142   0  89  93 101 111
  21 144],0.738666666667
[ 37  85  80  58  55  32  41  11  96  23   3 121 147 127 127 139  57  47
 142   8],0.714166666667
[ 41 149  97  71  87 112  46  56  31  26  17  88  54  41 130 138 119 138
  28  46],0.685166666667
[ 50 100 141  91  94  93  43  81  20 147 112  27 139 102 136  67  18  69
  21  64],0.701
[135  23  67  64   2  27  13  29 137 110  23 117 140  57  28  28 100 126
 105  24],0.721666666667
[132  26  13  56  41 149  76  78  10 117  26  87  92  51  42  93  50  14
 144   0],0.721833333333
[131  76  86  18  94  17  22  75 120 110 114 120  48  13  42  60 126   8
 145   7],0.725833333333
[ 50 149  48  64   1  37   7  77 131 149 114  80  90  44 126  65 119   8
  53  41],0.730666666667
[  5  46  56  68   1 113  21  62 148   9   5  89  74  16  19   7   6  37
  56  18],0.705666666667
[  5  46  56 111   1 113 142  63 131  11 133  89  74  16  19   7 119  37
  53  18],0.730666666667
[ 38 146  65  68  80  47  23  62 132 116   4 126  85  46 101  14 119   9
  23   4],0.7385
[ 78  89  91 123   7  11  44   8  92  11 129  86  37   1 145  73  14 112
  35   0],0.729666666667
[ 39  24  92 107 138 136 100  62  28  12 116 120 136 134  79  88  65 118
  21  97],0.7015
[136 149  44  59   3 111  16  33  82  89  88 133  78  45 100  64  53   9
 146  98],0.738333333333
[130  86   0 138 147  28  35  29   9  56  92  79  99  29 129   0 102   3
 105  44],0.713666666667
[  0  46  82 124  82  20  96  64  68  44 131 138  78  48  92   9  17  13
 143  99],0.805
[ 48  10   8  58   6 135  19  14   9 148 108 136  98  52 101  78  11 119
  35  31],0.697166666667
[ 71  43  15 112 147  25 105  81 112  32  20 130  17  42  76   4  12   8
 112   2],0.775666666667
[128  98  84  69   1  96  76  94  13  27 143  81 132  13 142   5  93  81
 130  69],0.7465
[130  41  97 125  92  23  69  82  65   7 115 137  99  70  43  74  50   5
  77  77],0.726
[ 58  86   0  92  98 110  35  74 106  26 124 137 134  44 137  32  94 118
  58  43],0.743166666667
[136  98  81  77  81 116 146   5  79  80 114  86 135  28  16   1 141  10
  53  56],0.668166666667
[ 61 147  47 115  92 141 142  62  71  55  26  86  17 117 129  89  23  14
 130  44],0.739
[ 39  26 139 107   0  36  19   7 147  10 120 117  51 101  94  92  17  14
  53   4],0.768333333333
[ 63  39  18  65  77 139  42  30  29 149 118 136  48  29 144  91 142 105
  90  44],0.751666666667
[  5  38  43 126  44 107  35  24  67  88 112 140 142  42  93  91 116 122
  24  98],0.746666666667
[130  23   0 114  75 140 144   9 103   8 113  87  89  41 137  85  12   5
  75  41],0.750666666667
[  5 149 102  58  32  73  35  97  67 141  35 117 110  42  87  72  49  84
  33   7],0.747166666667
[ 50  40  45  69  73 111  23  63  67  92 129  29  17  67  21   6 102  25
 101  42],0.722
[  0 149  16  74  94 103  41  56 105 142   5 103  50 134 119  90  65 118
  54  87],0.767666666667
[ 55  41  92  76  75  92 100  90  29  27 113 120 136  29  86  65 115   9
 112  29],0.730333333333
[ 49  40  27  74  82  14  38  92  65  29 125 119  52  44 119  95  18 106
  24  75],0.743333333333
[ 40 146  82 125  92  21  51  60 137  27 104  81  50 107 134  63  18  66
 130  46],0.738833333333
[  4  87  54  77   8  46  19  88 103  77 133  84  15  36 136  91   3  10
 130  29],0.685333333333
[ 50  24 102  75   7 114  19   8 103  54 132  81  74  71 103   2  12 102
  27  44],0.742666666667
[ 57  39  22  61 124   7  19  63 137  23  92  25  51  65 100 137  61 123
  33  76],0.742833333333
[  0  38 101  63 128  25  11  18  75  25 115 120  85  42  41  96  89  79
  37  18],0.759
[ 40  37  93  91 147  30 106  34  31  90 138 119 131 135  84   2  91  13
  29 124],0.722166666667
[  5  84  73 108   4   9  98  77 103  25   6  89 110  44 137 146 105 109
  13  45],0.734166666667
[137 143  63  68  73  20  41  56 147  25   3  76 131  51  42 135  54  15
  15   8],0.772
[137  37  94 122  90  92  35  28  96  21 123 124  23  51 136  78  15  15
  24  21],0.734833333333
[  1  86  75 144  42 119 100  92  67  44 113 107  80  45 133   5 119  14
 130  17],0.706166666667
[ 38  86 114  69   3 149  35  78  31  57 128  85  89  50  94  30 100  12
 110  62],0.759833333333
[ 40  37 119  74  74  48  16  78 103  92 131 126  48 104  46  32 119 122
   6   4],0.7305
[ 55  39  50 137  84  27 149  10  75  52  55 112  22  29 128  32  72  10
  21   0],0.7555
[  2  37  93  69   2  94  44  11 137  60  86 109  83  42 103  14  98  81
 105  43],0.721833333333
[ 50  31 108 111  94 149  36  63  15  47 122 136 132  44 143  75  18 122
  30   7],0.6935
[131  35  92 111   0 103  43  84 130  51 120 117  50 101  93  65  88  14
  24   4],0.746333333333
[ 30  26  14  65   0  36  76  71 147  91 128  85  92 132   9  94  23 114
  24  75],0.7385
[130  87  71 144  94  23 149  78  11  25  13  85 137  43 129  92  52  99
  55   0],0.7725
[  6  86  99  57   3 109  40  30  13  55   7  81  76 122 126  91  53  17
 112   0],0.759333333333
[ 49  38   3  77  75 149  22  14  19   7 115  82 100 134 135  65  99   5
  37  41],0.7385
[ 88  20  52 119  72   7  24  10 130 148 104 121 141 134 126 122  93 122
  72  45],0.750833333333
[  1  44  94 117   2 108  16  35  16  36 121 125 112  42  77  12  11   8
  23   0],0.705166666667
[ 88 149   0  68  74  11  27  29  16   1 115 142 135 110 123  89  99 142
  30  45],0.722
[142  99  80  93   2 143  42  79 105  60  79  85 137  30  15  73  11  11
  28  44],0.714166666667
[ 28  20  90  70   6 108  45  59 123 147 129  82 110  66  82  29   3  34
  21  46],0.742666666667
[ 48  48  79 126   1 142  46  79 103  25 138  85  70  56 127   7  73 122
 144  40],0.747333333333
[ 37  48  91  76  73  80  41  18 149 141 134  79  75  30 127  58  73  25
  29   8],0.738
[131 147 122   0   5  93  32   5 103  26  50 138 147 103 134  91  12 145
  20  40],0.721666666667
[ 77  24  63  78 149  25  35  71  73   0  35 136  47  31 133  78  50  71
 123  77],0.763
[130  86 141  92   2  93  35  74  65 147 112 137 140  44 137  67  94 118
  77  43],0.6925
[ 50 100   0  91  98 108  43  29  23  28 124 117  99 102 136  74  18 125
 104  64],0.788333333333
[ 42  31  91  90   5 119 109   7 138   8  10 107  17  33  89  14 100 106
  23  43],0.705666666667
[129  24  91 108   0  14  35  11 148  25 124  86  71  34  86  93  98 145
  53  75],0.7385
[ 54  41  14 100   0  27  39   4  25  48  79  89  73 102 138 145  11   8
 127  72],0.725666666667
[  6  21  85 140 149 148  28   2  65  22  78 136  74 132  19   7  66   5
  39  85],0.783833333333
[ 50  83 102 125  70  26  44  24  10  46  23  80 144  16 137  58  18 143
 115   3],0.734
[  1  95  53  66  75  23 142  30 123  12   2  76  41 101 132  63  43   7
 116   0],0.763166666667
[127  44  53  62   2  25 106  93 145 142  52  27 113  42 136   0  99   3
  19  83],0.746666666667
[135  51  76  17  81  17  72  82  18  26   4 133 149 101  77  93  69 116
 106  75],0.722
[134 144  82  79  94 108 103  16 129 105  27 119  51  66  19   7   6  34
 141  40],0.692833333333
[ 61  36 139  90  75 133  19  84  27  28  31  90 137  29  94  31 102  14
  53  74],0.771833333333
[  1  33  13  19  55 103  46  92  31  10  96  27 134  42 136  10 100 115
 138  40],0.705333333333
[  4  26  62 132   1  13  76  92  10  53 120 103  80  49 131  12   6 115
 141   2],0.722666666667
[ 44  32  14 117   2  23 105  19  33  95   0 110  19  45 131  60 116   5
  23  31],0.747
[ 49  33   0  66   0  31  35  82  68  58   3 133  24  13  18  69 126   7
  41  45],0.8215
[ 61 146  16  57 147  20  41  93  69  10  51 138  82  44  94  80   7 133
 123   4],0.759166666667
[131  35  65 124  81 103  70  92  75   6  96 103  44  45 149  95 102  36
 141  40],0.705166666667
[130 146  54  61   4 119 106   1  32 147  15 121  71  33 126   0  53 106
  25  44],0.714166666667
[ 50 149  83  69  94 148 106  60  19  27 115 142  19   0  89  64  11   5
  25 106],0.759166666667
[ 58  41  97 125  92  23 106  82 106  18 115 137 133  70  43  32  50   5
  58  77],0.750666666667
[  5  40  93  91  39  30  69  34  31   7  30 119 134  69 126   2  25 119
 119  47],0.746833333333
[  6  87  53  62   5  34 106  30 145  55   3  79  76 135 123 138  53  17
  19  83],0.693166666667
[127  51  99  57  94 109  40  97  11   9   7  36  78 120 129  91  70   3
 112   0],0.713666666667
[ 43  44 137  51   2 105  19  85 103  77 115  86 135 103  48  12  15   4
  74 100],0.714
[  7  91 139 138   0 100  96  87 149 146 129  86  73  18 129  63  17   5
   5  44],0.763166666667
[ 60 146   0  57 148  51 105  91 123  55  12 117  47 127 136  58 108  78
  90   5],0.722333333333
[ 86 139 120 126  71  26  50  17  10  78  27  89  54  18 103  94 100   3
 143 127],0.7135
[ 41  28  49  69   4  94  41 135  28  27 101  36  80  65 119  27 119  10
  77   5],0.751
[  1  86  75 112   3  23 121  59  93 142  16  87  90  42 143  56  56 118
  21 124],0.684333333333
[130  41  16 123   1 108 107  91 137  78  80  86  50  44 124 142 126   9
  18  18],0.721833333333
[ 41  32 141 122   7  14 106  33  82  24 135  87 140   0 130 139  18   6
 117  40],0.726166666667
[ 51  32  62  93   2 100 147  21 146 149 104 117  48  46 136 138  15   9
 112 132],0.7435
[ 43   7 141 108  82  97  38  28   3  58 131  79 141  52 128  74  89   3
  28   0],0.73
[  1  26  17  66   4 147 104  56   9 149 129  87 134  35 142   0 105  11
  31  22],0.751
[140  89  92   0 146   0  61  97  14 143  52 133  75   0 138   5 107  82
  35  44],0.7225
[  0 145 138  93  80  22  46   8 147  26 106 116 146 103 126  64 116 123
 143  34],0.771333333333
[136  26  84 134   1  93 121  38 140  62 140 145  99  70 140   0  38  34
  24   8],0.7545
[ 49  42  82  74  84  14  13  92 140  29 104  82  50  58 119  95  18 106
 130  75],0.755166666667
[138  94  75 124  82  23  38  17  16  10  16  81  50 107 103  60 103 134
  21  43],0.739
[ 57  91  78  69  90  35  61  93 148   9 129  87 110  29  46   0  21 122
   7   8],0.738333333333
[ 40  23 122  68  90   7 147  59  88  93 132 108 141  47 135 125  93  12
  30  41],0.747
[ 41  44  49 120   2 149  24  29  19  56  28 137  23  44  77  12  96  84
  30  11],0.722
[  4  91  54  73 148 108 108  88 103  54 108 119 112  42 100 139 119   5
  24   7],0.738166666667
[ 55  26 101  91   0  58  35  20 105  92  27 105 113  16 103 142 116  12
  53  32],0.767666666667
[ 55  38  83 112   3  15 100  70  15   3  23 120 110 134  48  73  65  12
  53  87],0.7595
[132  99 101  91   0  58  34  20 124 142  23 105 113  16 103  14 116 115
  21   0],0.726333333333
[ 57  89  13 108  81  41 105  15  12  92 117  36  92  33 132 142  61  28
  18   0],0.701166666667
[142  83  13  19  92 149  24  17 147  53 103 119  47 104  95 138 108   8
   5  46],0.759
[  0   9  17  78   3 125  48  81  80  82 111  90  98 104  73  73  90  74
  51  33],0.729666666667
[140  43  73 111 131  26 102  18  80  51  99  87  81   1  18   5   4 118
 106  87],0.717833333333
[130  87  79 109  80  15 103  90  20 141 103  49  50  42  47  67 126  96
 128 134],0.721666666667
[ 77  38  81  58  72   9  35   7  14  88 140 136  20  28 136  92  99  81
  29  75],0.693
[ 85  86  50   2  75   7  20  97 148  46   4 109  50 101 134  65  11 122
  23 128],0.738166666667
[ 51 149  30  55   1  13  74  89  67  95  31  78  53  49  86  63   9 115
  41  60],0.7345
[ 41  52  65  90  75  92 103  17  28  28  53 133  82  29 137  29  18  26
 145   0],0.759833333333
[127 144  53 125   2 111  19  37  10   9 114  81  27  68  73  78  70 140
  27  83],0.7385
[ 56  51  81  62   5  34 106  95 145  54   3  36  78 135 123 138 103   3
  19  75],0.693
[138  32  78  68   6 123 103  84 145  51  27 110  48  71 127  60 102   3
 123   0],0.713166666667
[ 38  42  82 117 146  23  45  60  78 148  79  87  19 101  87  94  54  35
 131 127],0.742333333333
[148  37  82  57  82  91 105  29 105  57  31 136 113 102  28  84   8  82
  27  80],0.696833333333
[ 41 145  57  57   2   8  50  90 124  59 130 126  75  33   8   5 121  69
  14   4],0.709833333333
[ 86  43  44  57   3  26  35  29  82  89  35  76  78  45 100  14 105   9
 146  47],0.743
[136  86   0 107   3 111 142  89  12  18  88 133  78 107 129  64  53 119
 119  98],0.721833333333
[ 41  24  86   0  15 125  21  18  76  26 102  25  19  42  92 137  93  79
  37  78],0.768
[ 56  39 101 115  82   7 149  74 126  59 115  85  85  57  90  63 105  27
  41  41],0.767333333333
[ 41  99  84 119   2  30  42  29  83 147  28 126  67  66 138  12   4  69
  32  44],0.705333333333
[ 28  83  86 127  84 108 111  79 137  25  79 142  47 104  15 138  96 104
   4  44],0.718
[137  42  13  20   3  17 106  93  31  27 104 136 108 102 133  76  15 107
  27   7],0.7095
[  2  86  80   0   1 139  38  78   8  92 114 133  22 106 109  98 105 142
  21  44],0.721333333333
[137  20   0 119   9  92  24  75  64 148  23 108 141  30 126  89 100  31
  26  41],0.750833333333
[ 88  39   0  53  75   7 146  10 130  58 105  82 141 134 135 122  93 122
  37  32],0.759666666667
[140   9   0 122  80 135  73  79 103   0  35 110  78  42  94   6 104 120
  28   2],0.713666666667
[ 50   9 122  66  73 109 121  78 137 145  20 140  99  42  41   0  54 122
  27  19],0.752
[  4  54  86  61  77   7  68  92 145   1  86  87 110 104 130  10 117 119
 144 124],0.755333333333
[ 57 149  84 112   0 111 105   9 105  25  23 133  47 101  46  14  65  17
 135   0],0.776333333333
[ 48  43  18 120 147  92  32  60  13  51 112 117 132 135 105  66  63 143
 110  43],0.7385
[  2   6  91  68 131  27 116  93   3  79  92 129  22  92  42  60  34 119
  32  62],0.7135
[  5   9  91  53   1 109  46   8 106 148 135  80  17  31 140  76   3 134
  18 129],0.738833333333
[133  95  44  67   7 108 141  21  70  78 125 125  89  28 137  29  19 116
  24  43],0.710166666667
[ 57  86  60 124  84  36 147  92  28  19  83  79  22  42  91  89  51 128
 106  83],0.718
[  3  84  83 122   9 132  72  82  33  50 138 136 136 135 130  12  39 134
  15  34],0.730166666667
[137 100  10 113  82  25 109  17  16  46 104 138  54  45 101  78 119 119
 143  98],0.7475
[134  36  80 124  51 135  35  97 103  11 131 137  78  49  88  58  63  24
  53 124],0.7595
[  6 100  15  92   0  71  41  24 105  88  83 140  81   1  83  16  94  10
 115  67],0.738666666667
[130 147  56 105   4  41 149  74  19 148  81  83  22 109 121  88 113 132
  21  44],0.7055
[  4 142  89 115   3  95  16  97 102  54 109 122 111  49 126  91 118   5
  25  62],0.680833333333
[  7 147  81  15  78 126 142  29 122  55 123  39 140 134 129 144  15  99
 115   7],0.6885
[ 57 142  15 112  15 103 104  97  78  48  35  87  20  32 122  94 105 118
  75  39],0.7305
[ 50  24  86 115  42 125 149  74 126  59 102  85  19  57  92  63 100  27
  41  41],0.776
[127  26  91  58  75 149 121  78 141  89  31  86  90 130 137  92  71  95
  28  39],0.722833333333
[ 41 148  89  58   6  99  25  78 105 147 102  83 135   1 143   2  22 107
 127   5],0.697
[127  95  81 125  71  26 106  30  10  86  24 121 137 101 127  63  17   7
 118   0],0.788833333333
[  1  37  53  77  75 149 142  80  96  12  24  76  41  36 132  63  43   5
 135   0],0.759666666667
[ 29  23  88  56   2  25 147  99 137   9  79  85  19  27 130 137  71 142
  24  29],0.697
[ 86  43  86 106  84  14 101  79  16 148   7  85  47 123  44  58  91  78
 135  39],0.7225
[132  24  91 104  75  11  23  68 100  92  32 103  99 123   8   0  11 125
  27  38],0.771666666667
[  4  29  56  78  92  20  44  95  95 109 113  88  22  44  90 138  71 107
  19 135],0.705666666667
[ 42  91  54  73 147 149  24  95 103  55 108 119  23  49 100 139 119  84
  21  11],0.763166666667
[  4 139  78 114  42 110 108  88   3  54  83  83  89  44 138   7  99   7
  25  29],0.722
[ 41  29  56 122  82   8  71  95  76  92  32  76  92 123  94 138 102  82
  25  41],0.6845
[132  74  79 104  92  20  23  28 100 142  24 103  22  49   8 138  11 107
  19  38],0.759166666667
[ 49 144  75  68  80 146  22  24 141  58  24  87  89 104  95  63   6   6
  24  44],0.717833333333
[ 30  98  81  90  10  25 102  92  12  27 104  81 110 137 119  95  17 140
 100   7],0.705
[ 46 149   0 124   1 149 106  70   9  47 132 136  99 130  77 147  12  10
  75  86],0.739
[130  34  86  75 140 137  52   7   9  56  16 122  96  27 145  78  96  82
  78  80],0.7965
[ 49  89  89  61 140  29  35  10 129  10 102  85  99  41 123  73  97  12
  21   4],0.705833333333
[ 84  34  13 125   6 123  45  77  97   6 129 136  44 133 145  93 105   2
  23  78],0.697
[ 57  35  57  70  92 108  43  16  67  65  31  36  80  28  93  92 104 113
  22  84],0.747333333333
[136  39  80  60  81  14 106  80  49  88 113 103  90  51  42  88  15 119
  90  27],0.755333333333
[ 49 146  44  16  92  95 103  19 100  89   3 118 148  30 142  86 110 127
  52 130],0.7385
[135  89 100  57   3 137 102  99 106  25   8 117  18  65 131 137 116  76
  19  46],0.734666666667
[  5 146  88 111  42 109  46  10  31  53  51 109 110 132  91  12  53  12
   3  39],0.738666666667
[135  48  80  70   3 100 105  66 149  94 118 143  48 122 137  74  18  99
 104  16],0.755166666667
[ 50 144  79  77   0 135  32  82  25   4 132 137  92  45  88  16 119  67
  32   7],0.739
[132  11  83  56  94  41  76  63  12  59 132  36  76 107 127  65 119  23
 130   3],0.722
[ 50  23  59 124  10  55  35  93 149 141  16 125 110  16 100  65  87  40
  25  38],0.726166666667
[ 49 145 100  70   4 137 101  77  92 149 124  81  74 135  40  92 121  27
  76   0],0.726333333333
[132  31  95 115   8   7  53  79 126  10 102  85  15  57 106   0  92  27
  33  44],0.7345
[ 57 145  83  18   2  20  19  31  65   9 133  81  78  49 106  91  93  98
 115  39],0.730166666667
[ 77   9  16  20 131  20  99 143 106 116 134 109  78  49 135 125 110  82
  21   0],0.721333333333
[ 52  72  49  58  87 111 109  63  23  10  22  87  85  94 137  87 126 121
 118  44],0.73
[  0  28  75  20   3  27  33  93  96  92 131 107  92 136  47  98 105 115
  21  44],0.750666666667
[  2  86  13 108 138 139 106  78   8  53 114 133 108 106 109   3   3 142
   7  30],0.701
[  5  83 122  58  73  23  16  82 103  94 132 137  99  16  44  58  50 120
  56  46],0.775833333333
[ 86  41   0 123  71   9  36  11  10  15   6 110  95  45  91   6  21  14
  26  10],0.738333333333
[ 50  91  91 113   2 127  21  97  10  49 124 118 100  30  91   5  50 116
  28  41],0.775333333333
[132 146  83  56  90 148  50  73  97  27  52 135  48  46  49   7  71   8
  78  48],0.747166666667
[ 41  52  65  78  75  92 103  89  67 107 121  39  53  42  86  29  18  26
 145  87],0.788
[ 50  56  78  90 126  55  42   6  32  28  31 133 141  29 119  15  90  96
  53   0],0.7635
[ 57  35  57  65  55  56  43  77 141  10 140 103 142   0  97   2 103 113
  21  37],0.768
[ 57  35  14  58  55  17 104  77  26  10  24 103 142   0  89   9 104 113
  21  37],0.796166666667
[  0  40  22  61  94  25  46  63 137  51   0  77  51  65  77  10  89  24
  95  76],0.784166666667
[  0 144  49  89 128 133  11  75 129  23  92 120 112 123  41  93   6 123
  33  32],0.735
[122  50  81  65 146  20  23  63 148  92 116  88  83 123 128  65  54  71
 130  38],0.754833333333
[ 29  11  56 104  92  49  35 100 106  59   4 132 131 109   8 135 103 145
  75  48],0.742833333333
[ 50  26  83  69   1 119 106  60  32 147  15  87  71  33  89  10  11  78
  13  44],0.747
[132 146  66 110   4 119  30  91  31  52  78 121  50  57  88   0  50 106
  25  90],0.759666666667
[ 41  26 139 113   3 137  26  29 148 117  48  76  20  29 122  97 102  14
  25  39],0.738
[ 52  46  78  74  15   8  31  16  97 149 135  85  15 134 142  93  52  97
  56  64],0.7225
[ 40  99 108  64  89  94   7  77 148  60 132 142  74  44  80  89  99  12
  23 128],0.7595
[135  39  81  69  72 141 118  63 146  45  27 109 110  48 103  13  94   6
 144   0],0.775833333333
[130 147 122 114  74  14 105   9  91  27  35  87  50   1   9  94  62   3
  17   0],0.788833333333
[ 50 139  57 122  75   7  32  27 120  25 132  83  83 133  91  14  12 120
 105   4],0.755833333333
[ 38 146  80  68 146 142 106  61  27  19 113  79  92 133  22  63 105 119
  24  84],0.755166666667
[136  39  66 104  81  14 108  80  49  88  86  36  90  51  42  92  15  13
  22  43],0.751
[ 40  97  93  64   1  25  38  18  65  53 113 142  17  44  86  89  71 143
  21  62],0.747
[128  99  27  96 132  94   7  77 146  60 114  86  84  44  74  58  99   6
  21 126],0.734666666667
[130  32  93  91 132  35 142  18 123  29 133 126  81 103 137  65  44   3
 144  40],0.714
[ 29 139  82  68   0  20 145  60  91  11 107  83  68 107 119  16 117   9
 121  44],0.734166666667
[ 51  98  30  55   4  13  71  17  28  27  53 126 139  49 137  63   9 115
  41  60],0.722333333333
[ 50 149 128 114   1 114  35  26 132  95  84  78  82 104 101  89 118 126
  81  69],0.713666666667
[ 49 149 136  67  77  55 142  21   3 148 124 110  54  42 136  74  84 118
 112   0],0.775666666667
[ 51  42 122 125 147  44  14  93  78  53  95 125 110  31 142  60  15  38
  17   8],0.722
[130  10 122  19   3 149 105  79 106  27  48 136 136  42 102 138 105 118
  28   0],0.721833333333
[ 55  38  80 124 134 138 123   8  92 148   2 137 137 104 125   0  89   3
   2   5],0.759
[134  83  10 124  82 135 109  17  25   4 131 138  54  45  88  78  63 122
  29  87],0.730166666667
[ 50 100  92  77  82  85  32  82  16  44 132  36 136  50 101  73 119 119
 143  98],0.750833333333
[137  43  94  99  75  46  33  56 105  24   3  76 134  15  42 137  89  15
  15  65],0.731166666667
[ 50 143  73  66  90  20  41   7  97  56 110 142 134  51   9 135  54  10
 104   8],0.750833333333
[  5  35  80  77   8 110  73   4 106  53  27  28  19  67  28  69 106  71
  25  58],0.763
[123  11  73 105   2  49  48  29  31  59 116  86 110  33 142  26  53 113
 125  45],0.755
[  6 121  85 122   2 109  38  92  67  85 112 140 137  44  93  91  12   5
 145  41],0.692666666667
[  7  34   0  91  94 114 149  98 100  57  52  49  50  42 132   0   3  28
  95 127],0.756
[ 56  74  86  61   2  93  33  74 126   9  16  85  19 136 100 147 117  13
  23 129],0.680666666667
[  1  46  53  68 147 146  24  79 135 148  48 117 137  66  28  74 138  13
  13   6],0.743
[ 39  87 102  64   4  34  71   8  66  12 132 118  74  71  91 147  89 133
  26  18],0.717833333333
[ 50  80  79  75   4 114  19  30 103  77 126  84  41 101 103   2   3  10
 130  44],0.746666666667
[  1 147   0 104 131  95  41 135  67  56   6  87  23  69 133 144 116   5
 131  18],0.771666666667
[  4  42 108  61  77  26  99  17 145 148 139  79  50  28 136  88  11  35
  74 128],0.721333333333
[ 88 146  81  77  81 100 108 117  19  60   2 107 133  19  83   9  17 142
  23  39],0.726833333333
[ 40  43  88 106  84  14 101  99 145 148   4  85  47 123  44  58  91 119
 135 130],0.705666666667
[129 147  78  93   5  11  40  70 148   8  10 105  16  36  86   6  98 145
  15  28],0.775833333333
[46 24 14 65  2 23 16 18 68 26  4 86 22 49 29  0 53  9 24 18],0.733833333333
[ 48  38 109 126   8 125  71  60  69  59 115 103 110  56  42  29   6 120
  89  41],0.689333333333
[ 30  42  14 126  73 106  73  24  27  58 122  79  86 132 127  89 118   3
  24   0],0.768
[ 38 144  79  68  81  35  38  10  19  48  55 138  87  27  25  14  16  34
  21 138],0.71
[ 41  98  12  65 131 119 105  93   2  88 126  87  80 130 123  93  15 132
  92  40],0.750833333333
[  3  82  83 122  55  36 109 143 133 149 138  86  85  91 137  87  90  82
 106   0],0.7425
[ 37  86  79 112   9 137  71  82  28  50 132 136 136 134 130  12  39 134
 143  34],0.734666666667
[  4 148  52  72  98 108  13  22  26  25 126  85 135  44 131  51 102 118
  92  43],0.726333333333
[130  86  91  92  94 138  35   9 105  52 111 127  50  27 129  74  14  78
  77  29],0.776
[ 50  95  56  64  80  26  43  78  68  25 125 116 133  43 123  97 102 132
  53   8],0.742833333333
[  4  31  94 130  93  18  51  17 106  92   4  85  19   3 102  64  40   9
  24  42],0.7295
[135  32  76  78   3  41  35  82 105 110  21 120  78  28   7 137  71  13
  56  45],0.734833333333
[ 29  79  45 107 125  18  17  93 131  11  48  85  87 106 138  61  61  81
  90  87],0.759166666667
[134 147 122  66  71  13  73  79  91  93 118 109  20 103  28  14  57   8
 124   2],0.709166666667
[128  24 141  90  55  11  41   0  27   5  79  81  92  44 136 138  99   0
  89  40],0.743
[131 146  81  69   3 111  71  37  14  47  23  79  44  30 145  78 141 120
  27 127],0.751166666667
[ 39 144  86 124  81  58  35  84  10  92 116 105 113 117 129  64  72 140
  56  75],0.692833333333
[ 57  54   0  57 147  41  13  29 145  25  23  80  78  45   9  95  68  23
 132 127],0.768
[ 50  23  79 136  76  26  69  26  13 149   3  87  47  18  79  16  98  78
  56 124],0.717666666667
[ 50  38 122 124 134 138  35  79  31  27   2 137 136 104 125   0  89   5
  28   9],0.796666666667
[130 149 108  96  82 149 123   1 106   9   3 135 114  29 119  61  61 143
  18   0],0.734666666667
[ 50  99  79 102   4  23  24  23  88  13 132 108 140 123  92  79 120  99
  55 128],0.717666666667
[ 51  83  13  56  84  27  79   7   8  46   4 136  79  47  91  89 103  10
  21   0],0.746333333333
[ 38  89  30  58   0 147  33  97  13  57  26 105 132   0  91  69  64  28
  12  31],0.755666666667
[140 144  50 122  72 105  45   7  28  95  27 131 136  47  28  90  65 107
  24  57],0.788166666667
[132   5  94  65   3  25  18  59 106  53  16 118  51   5  91  18  91  11
  27 127],0.759666666667
[130  86  75 125  71  23 121  77  28 142 139 123 108  49 143  58  53  10
  21  45],0.6725
[ 49 100  89  19  82  29  35  22 105 148  48  85  23  66  28  88  62  81
  77   4],0.693166666667
[ 56  89  13 125 138 108  38  77 129  10 129 116  44  44 145  73 105   5
  21  41],0.722166666667
[131  37 109 124  71 140  46  59 124 142  16  87  48  45 134  78  15  10
  21  45],0.725833333333
[ 78 100  10  96  82 135 109  17  16  44 131 138  54 118 101  56  63 119
 143  98],0.717666666667
[130   9  16  19   1 149 106  30 147  53 103  87  98  42  18   0  66 130
   5  44],0.722666666667
[  0 139  13 114  92 149  24  17 106  53  82 119  47 104  73  73 108   8
  89  46],0.801333333333
[  1  46  74  78   1  94  24  94  13  52 115  76  41  27 134  65  53   5
  25 128],0.763666666667
[134  92  53  65   8 107  46  84 148 105  27 126  24 101  19  63  71  13
 112   0],0.776833333333
[  4  42 108 104  77  26 109   6 145 148 139  79  50  28 136 144  11  35
 131  67],0.734
[ 42 146  82  91   1  28  99  17  20   8 112 117  22   1  44  67 102  10
  35 128],0.713833333333
[140  83   0 114  74  55  44  11 106  92   3 131 112 135  48   8  71 106
 135  99],0.738
[131  38  91 107   0  25 104 135  25  11  21  80  37 134  43  93  14  81
 123  10],0.7845
[127  34  76  93 131  10 101  70  18  86  35 136 112 130 134 125  53  12
  23  84],0.717833333333
[134  25  60  68 140 123 105  18   9 105   9 135 137  70  77  12  97   3
  32  78],0.71
[138  11  73 105   5 142  48   7  75  59  24  86 110  66 142  26  53  71
 125  45],0.7635
[122  83  86 127   8  47  32  83 106  88 116  84 112  27  94  71 117  52
   9   3],0.688833333333
[131  33  72  96   8  49  38   7 106  59 115  86  47  66 119  96  53  71
 125 106],0.7345
[122  11  93 105   0 148  48   1  91  11  16  28 110 103 142  28  44 143
 121  45],0.755
[  5  97  82  51 146  30  46  82  77  62 131 143  48 122  91  18 119 115
  90  78],0.725666666667
[ 38  97  48 111 138 100 105  77  96  56  35  28  54   0 136  72  14  25
   7   7],0.759666666667
[ 86 139   0  53 147  26  50  24  19  88  27  86  54 109 103  94 100  78
 143 127],0.775833333333
[132 146  15  57   1  53 149  17  10  78 139  26  53  21  43  96 113 132
 115  78],0.755
[ 88  86  81 109  75   7 118  61  14 149 138 109  92  28 134  65  11 122
  29  75],0.697166666667
[132  48  13   2   0 137  20  97  27  46   7  78  50  51  22  63  10  82
  27  64],0.796333333333
[131  33  93  96   0 148  38   1  91   8  16  28  50 103 119  99  44 143
 130 106],0.755333333333
[133  40  91   6  10  27  11  78  16  92 101 120 110  49  41  93  89 143
 121  39],0.7185
[129  95  81  66   0  13  43   7  68  53 135 136  44  44  40  89  15 132
  32  45],0.73
[128  83 139  57   2  93  14  30  12  52  86  87  19 109 129  93  57  78
  30  34],0.726
[ 47 146 130 126  74 140  45  93  65  49  97  89  48  10 136   7  63 107
 143  46],0.747333333333
[ 77 145  81  75  78  20 108  71  64  85  52 133  48  42 119  29 126 132
  53 109],0.738333333333
[129  98  85  90  82  90 104  71 148  80  10  86  17  49  86   0  98  10
  26  85],0.763
[ 56  24  55  77   5  11  19   8  68   9 117  81  17   1  75   1 100 106
  26  42],0.705166666667
[128  96  83  69 132  35 147  79  13   9  20 121  17  13 142   0   3  81
  30   2],0.721666666667
[ 57  91 123 136  90  23  19  80  96 109 129  81 110  29  46   2  17  12
  28   8],0.7635
[135  85  63 122  71  92  35  28 147  24 123 116  23  27  16   5  15   5
  24  21],0.7055
[  4  37  78  72  82 148  35  96  76  21 129 124  92  51 136  78 119  15
  21   8],0.7105
[  1 147   0  61 132  30  41 135  23   9   6  87  23  45 133  88 116   2
  74  18],0.725666666667
[ 41  26  81  92  99  95  35   2  67  56 140  79  50  69 144 138  94  69
 141 133],0.714
[ 50 139  15 112  42 103  34  97  79  48 114  87  20  32 122  94 100 118
  75  39],0.713833333333
[  1  38  80 104  42  20 104  78 112  57  35 121  83 109  94  98 105 145
  21   2],0.747166666667
[  6  29  87  64   0 149  74  63 146  25  24  87  69  48 135  64  14   5
  80  18],0.7805
[ 57  32  75  93 142 130  35  92  78  25  31 136  96   0 100  81  50 110
  37  40],0.754833333333
[ 50  32 141 136   7  14  13  71   9  24 135  86 140   0 137 142  18   6
  18  18],0.763166666667
[ 41  37  90 122  80 111 106  33  82  58 130 142  69  16 130  64 120   5
  28  41],0.687666666667
[ 29 139 100  91   3  35 144  18 148  92 124 135 133  33 142  65 116 125
  75  40],0.7015
[131  23  82  57 132 140 145  11 123  28 107 126  68 107 119  65 117   9
 144 130],0.751
[ 45  42 122  57  71  13  62  11  70  96  25  86  48  44  28 139  18  69
  24  32],0.722
[128 147  54  66 146 100  73  79  91  53 118  81  20  44 100  14  57   0
 124   2],0.743
[ 39  39  53  65  77 139  46   7  29 149 118 136  48  29 142  63 141 103
  90  44],0.722333333333
[134  95  18 107   8 104  19  84 148 105  27  76  43 101  19  95  71  13
 112   0],0.800333333333
[  5  97  48 122  84  36  50  97  67 148  35 140  47  89  77  71  91  81
 135  75],0.71
[ 40  94   0  69  74  95 101  76  67   8 121 120  47  42  21 143  52 106
  25   7],0.784333333333
[ 51  53 141 112  81  32 103  78 132 148  16  86  92   1 100  78 100  26
 118  18],0.7385
[ 52  96  85   6   1  23  24  30  11  57 109  84  84 135  74   0  12   5
  25 109],0.775
[  4  85  78  72  82 148  35   0  76  24 129 117  92  27  16   5 138   7
  18   8],0.755166666667
[129 147  91  69  72  21  40  96  31  81   4 106  19   0  27  89 119   5
  21 106],0.696666666667
[136 144 136  67  77 111 104  37 106  54  26 110  27  42 129  78  15 140
 112  72],0.726666666667
[ 49 149  81 124  83  44 142  21   3  53 124  86  54 117 136  60 141 118
  27   8],0.718166666667
[ 47  25  81  16   3  94  61  71  77 116 133  38  81  16  16  16 120   5
  21  40],0.708833333333
[  4  94  65  67   4 135  25  18 135   9 142  78  50   0  44  75 108 145
  24 132],0.7765
[  0  54   0  57 147  26  41  26  28  25  23 125  51  18 126  94  98  78
 118 127],0.73
[ 57 121  13  18   7  80  69  85 145  59 103  79  47  49   9  13  62 107
 132  41],0.738666666667
[ 49  26  60  68  76 111 146  86 107   1 145  87  48  30 131  65 103 132
  25  56],0.7755
[ 57  43  60  59  73  25 106 134 137 148 117 116  50  67 127 137 144  70
 114  44],0.758833333333
[ 55  41  18  19   1  13 107  28  14  53 112 139  90  16 138  60  52 115
 127  69],0.706833333333
[  4  26  63  65  55  27  46  92  10   7 120  27  80  42 135  12 100  10
 142   0],0.764
[141  86  44  93 131  99 101  21  82  89   9 133 110  70 134 125  98  11
  24  78],0.7225
[134  34  75  68   3 123  35  62   9  86  88 136 130 109  28  61  53  12
  23  77],0.7505
[ 51  21  86  56   2  25 101  79 137   9   3  85  19  68 130   9  71  78
  24  29],0.693
[ 29  42  13  69  77  23 147  14  49 146  79 136  50  27 119 137  51  82
  25   8],0.759166666667
[  1  95   8  61  71  92  35  74  88  94  11  36  53  49 128  92 128 115
  24  44],0.784333333333
[140   9  78  90  81  95 107  30 106  56 114  36 110  64 132  85  43 119
 118  18],0.705333333333
[  5 140  27  69   4 137 144   0  29 114  30 140  17  66  13   2  50 119
  27  78],0.775666666667
[ 55  28  91  69  40  25  33  33 123  54  86  76  78  29  76  89  23   3
  24  15],0.7345
[ 28  37  82  96   1  35  38  78  29  82  16 137  19  42 119  58 117 143
 130 132],0.7505
[ 40  37  75  74  90  16 144  92 145  89 116 109  92 107 119  66  15  11
  18 106],0.677
[  5 144  13  66   1  11 106  30  13  10 114 130  80  68 131  78  61 140
  41   0],0.772
[ 56 147  81 125   2 111  19  37  10  54  52  81  27  49  73  60 103  96
  27  75],0.801
[ 54 149  92  76  75 149 100   1 105  12 113 137 136  32  86  90  65 118
  18   8],0.705166666667
[ 50 149 108  96  82 103  32  56  31 142   3 120 114 134 119  61  61 143
  54  90],0.7345
[ 50 139  57  76  76   7  44  71 120 109  35  83  99 133  91   0  12 120
 107 135],0.718333333333
[  4  24  91 114  75  11 105   9  97  25 113  85  83  44  90  14  71 123
  27   0],0.734666666667
[ 52  97  86  71   2  30  42  18  82 147  77 126  99  66  15   0   4  15
  28  40],0.713666666667
[ 41 146  89 115   2 111  38   5  10  25 116 121  47  30 133 138  54  69
   4  46],0.705333333333
[  7  52  52  72   0  80  45  98  74  25  23  83  47 104 135  13  40   9
   6  18],0.801166666667
[ 35  54  14  57 147  46  69  92 145 148  29 133  92  95 125  94  71  13
  96 127],0.685166666667
[137  36  81 143  72  25  35   2 103  25  78 116  92 102   7  92 103   8
 131 124],0.697
[127  26  80  58  51  20  40  80 126  42 132 136  78  51  49  91  21 133
  28  73],0.7675
[137 146  12  77   1  28  19  32 147  55 133 126  97  68  45  10   9 143
   2  45],0.713666666667
[ 45   9  78  77  71  35  40  96  76  87 132  87  96  92  90  10 105  76
 127  45],0.713666666667
[131 147   0  65 131  95  16 135  67  61   6  36  23  69 133  88 116 140
  24   4],0.73
[  1 146  82  61  75  95  41  82  13  56 139  87 112  41  18  10  15   5
  74  18],0.684
[  1  26  67   0   4   0  29  79   9 149  31  87 133  35 142  97  52  11
  31  64],0.784333333333
[ 50  26  91   0 131 137 104  56 147 143 129  87 134 101  41   5 105  14
  25  19],0.779833333333
[  0  41  80 111  42  92  53  17 137 141  80  85  99   1  94  78 116  25
  78   2],0.735
[134  42  78   5  73 116  34  81 133  27 108 116  50 105 136   5   3  78
  24   4],0.78
[127   9 101  64 145  34 111  14  67  92  96  49  78  42  40  66  52 133
  26  10],0.709333333333
[ 41  26  16  66 140 103 121  93  79  55 126 103  99  44 148   0   7  36
 138  19],0.751
[  0  23  86  94  32 138  45  96  10  91 123  87 146 103 142  64  34 117
 144  40],0.747
[ 50  42  63  96 147  91  13  38  78  26 140 116 113  44  46 125  15  34
 112  21],0.726
[  5  37  93  91  51  30  35  34  80  90 107  89 131  44  84   4  91  13
 107  39],0.721333333333
[  4 139  57 114 147  26 106  18  31  28 138 119 126 103 136  85 103   5
  13  43],0.704833333333
[ 51  36  79 132  83 126  25  92   9  54  26  90 134 102  91   7  99 116
   9  47],0.7175
[ 49  89  91  74 145  96  32  27  97  89  56  84 113   0  94  29  22 115
  37  41],0.742833333333
[ 40  51  53  62   5  11 106  30 145  56   3 133 149  42  18   0  69   3
 143 109],0.759166666667
[127  92 122  57   1  25  45  93  81 142  92  77  17  49 136  69   9 122
  19  83],0.750333333333
[ 49  32 101  58  75 112  51  10  15 104   3  79  54 132  91  76  50   6
  18 128],0.747333333333
[127  38  60  68  51 103 105  89  97  25  35 120  75  31 133  12  98  99
 135   0],0.747166666667
[ 51  83  75  18  81 146 102  93   5 148  16  86  47  29 103  63   6   5
  21   2],0.755833333333
[ 52  71   0  93   2  14 100  66  19  57  49  79 139  81 138  74  53 132
  32  74],0.742833333333
[  8  96  79 112  75  46  41  28 133  14 139  86  85  91  91  87  19  82
  25   7],0.717666666667
[ 37  82  82  61  55 137 111 143  78 149 132  80  80  36 137  68  90 107
 143   0],0.738833333333
[134  24  14 111  53  92  34  81 137 141  80 116  50  16  94   5  99  78
  24   2],0.735166666667
[  0  41  80  69  42  44  41   0  19   3  79 109  92 105  91 136 116   8
  89  42],0.758833333333
[129  24 119 137   5  11 104   8 148  10 131  86  17  49  86  32  98 106
   6  87],0.718
[ 40  37  85  90  74  48 149  78 103  52  10 112  50  29 128   0 119 122
  29   4],0.776333333333
[146  34  68  65  81 141  35  29 135  25 125 119  47  44  83  68 103   2
  29 109],0.709833333333
[134 149  89 111   1  32 106  77   9  10 129  85  51  44 123  29  97 118
  55   4],0.685166666667
[138 144  78  99   3  23  42  92  67  25  10 103 137  42  18 138   6  25
  55  41],0.726
[140  27  16  65   4 143 143  95  31 105  86 130 110  18 126  93 120 132
 112   0],0.784166666667
[ 77 144  81  71  73  14 102  86  19  58 115  28  98  42 128  72  21  25
  25   7],0.738333333333
[ 38  25  48 120 146  80 105  97  67 108  51  88 110 148 136  64  12   3
 135   7],0.768
[  6 121  86 100 149  27 103   4  28  48  16 125  75   1 140 145  66   5
 127  72],0.754833333333
[ 51  41  85  18  76 132  39  77  65 148  79 137  73 132  74  78  12  25
 118  41],0.734833333333
[132  89 101  91   0  58  98  20 124  54   8 105 113  16 103  92 116 105
  21   0],0.762833333333
[  7 144  84  73  75   9  34  93  19  92  23  81  50  48 136 142 119 114
  27  45],0.759833333333
[ 57  46  75  64   0 149  24  94  78  25 115  87  69  48 100  64  14   5
  37  18],0.759166666667
[  1  32  74  78   1  94  35  63  13  52  24 126  24  29 134  67  53   5
  25 128],0.784333333333
[ 50  27  62  77  80 149  65  71 124  78 128  81  18   1 119  27 100   1
 130  44],0.7635
[ 56  98  52  77  82  90  19  30  68  80 117 107  17  45  75   1 119  10
  26  30],0.7505
[ 41  35  14  90  55  17 103  89 141  10 140 133 142  29  89  29 102  26
 145   0],0.738833333333
[ 57  52  64  58  75  92  43  77  67  28  31 103  53   0  86   3  18 113
  21  37],0.755333333333
[  6 146  87  61 142   8  74  29  97 148  32 136  96  13 142  81  50 107
  90  40],0.746833333333
[ 56  29  60 123   3  49 109  84  16  26 138 136  50 132 127   0  98  14
  24   6],0.747
[ 41 144  79  65  74  13 105  76   5 149 126  87  80  27  25  14  44   3
  91  40],0.776
[130 147 122  90 131 119  13  93 139  48   2  87 136 103   9 141  15 132
  23  45],0.755166666667
[  2  40  79  69  97 149  36  17 135  47 115 138 132  42 143  76  98 122
  21  42],0.671833333333
[ 52  49 108  16  93 149  38  63  15  53  86 137  47 104  28   1   3 133
  30   7],0.751166666667
[132  28 138  55   2  94  76 135 149  57 114  25  92  41  16  82  16   3
  28   0],0.7465
[  1  88  97 112  75  50 100  93  91 117 132 107  78  45 133  27   9   9
 130  30],0.730166666667
[ 54 139 108  77  11  31  35  11  31  27  24 119  19  27  19   7  20  13
  35  40],0.73
[134 144  59  68  41 111  19  84  74 105 133 135  50  67  18  69 120   5
 112  29],0.725666666667
[ 48  87  83 124  94  20  23  97  61  86  89 137  92  52  92   9  18  10
   7 129],0.730666666667
[140  98 114 101   7  92   7  77  67  53 108  25  19  66  90  68  17 106
  21  31],0.7515
[ 54  39  14  74  84  27 108  92  75  92  55 126  24 104 134  32  72  10
  25  43],0.722333333333
[ 48  22  50 114  73 110  16  10  29  21 115 142  22  56  46  63  11  13
  21   0],0.800833333333
[139 146   8  58  93  16  19  75  68  44 131 138  98  48 101  78  11 119
 143  99],0.717833333333
[  0   9  80   0  82 135  32  14  68 149 142 107  15  31 103 137  14  19
  24  13],0.734833333333
[131 148  81  86  84 125  78  91  27  25   4 132  95  49  88   6  53 124
  28  36],0.734666666667
[ 51  83  13  58 134  23  53   7  25  13   3 136  24  51  48  56  89  10
  18 128],0.721833333333
[ 38  23  79 117   6  23  45  60 145  92  79 110  48  47 127  60  54 122
 131   0],0.7305
[ 40  42  80  69  90   7  61  59  88 148 132 108 141  71 135 125  93  35
   7  41],0.726166666667
[129  29 100  57  75 140 144  11 148  92 124 135  99  33 142  28 116   5
  75 130],0.726
[131  23  91  17   3  14  40  69  99  54 113  33 133  44  90  65  95 125
  56  41],0.738833333333
[ 51  37  53 129 147 148  13  29  78  82  16 139  19  42  44  58  84  38
  27 106],0.751166666667
[ 40  42 122 125   4  55  38  93  31 148  95 125 110  31 142  74  15 114
  17   0],0.776
[132  52  81  16  93 149  38 135 135  53 115  25  44  41  28   1   3   3
  28  40],0.734
[ 52  87 138  55   2  50  76  17  89 117 132 137  92 104  16  81   9 133
  21   0],0.746833333333
[ 29  31 102  96  80 139  98  78 103 105  76 117  20 101   9  95  11  31
  36  78],0.718166666667
[  5  98  94  90   2 109 146   7  70  10  31  80  48  31   9  96  52  99
 106  75],0.767666666667
[ 52 147  86  67  71  13 100  77  91   3 118  81  20  44  28  73  60   0
 124  87],0.776
[128  26 122 112   3  13  73  70  15  93  27 120 110 134  48  14  65  12
  53   2],0.734166666667
[130  26  83 114   3 140 100   9 103   3  27  87 142 134  48  73  65 122
  53  87],0.763166666667
[ 55  23  43 112  75  15 144  70  15  88 113 120 110  41 137  85 116  12
  75  41],0.73
[ 38 146  97  57  75  94 100  93 100  57 114 112  75  45 133  89  17   9
 130  30],0.709
[  1  28  80 112 131  16  34  19 149 107  16 107  78  33 119  27 103 120
  29  18],0.655666666667
[ 84 145  13  61   2   8  45  29  97   6  78 136  78 133   8   5   8   2
  33  80],0.722166666667
[ 41  52  57  57   6   8 105  90 124  57  31 134  75  33  18  12  99  82
  14  78],0.731
[  0 146  92 124   2  93 147   2 126  57 123 126  82 103 133   9  71  34
  24   6],0.755666666667
[ 57  42  63  96 147 149  13  38  78  26 116 116 146  32 142  64  15  15
 144  21],0.738666666667
[ 57  36  49  67   6 132  46  81  79  45 113  85  37  44  84  89   5 128
  15  84],0.718666666667
[132  84  60 124  84  14 147  92  33  19  83  79  22  42  91  12  51   3
  35  39],0.759
[  7 146  14  58  73 103 121  82 103  14  35 109  69  52  91 125  21   3
  56   0],0.722166666667
[139  83  80  68  51  23  32  89  82 105 116 120  86  10 136   6  98 120
  17  30],0.717666666667
[ 41  83  80  64  94 109  21   8 121  55 129 122  74  29 134  64  99   5
  25 128],0.723
[ 48  46  82 111  42 110  31  77 103  36 114 138 136 107  40   5 100  10
  25  46],0.755166666667
[ 52  28  53  62   3  20  23   9  19  88 106  83  98  57 101  32 120   5
  74   6],0.747
[ 57  28  60  74   0  11 149  96  27  53 133 109 134  44 137  93  95 108
 144  30],0.763333333333
[137  36  80 122  73  25  35  97 106  11 104 124  23  49 136  58  15  24
  53  18],0.813333333333
[137  37  63 113  51  92  35  28 147  21 123 137  78  51  88  78 119  15
  27 124],0.750666666667
[ 51  25  79  74  82 149  65  30 124  75 128 105  18  45 119  29 119 115
  37  30],0.797
[ 50  89  62  77  83  96  25  92   9  89  57  90 134   0  91  27  22   1
 130  41],0.7635
[ 55  52  52  70   0  27 100  92  74  57  29  83  92  95 124  13  40 122
  21  18],0.754833333333
[ 37  23 108  68   4  80  45  93 123 148 127 139  48 104  74  32  98   9
   6  30],0.727166666667
[ 51  83  92 138  82 136  96  30   9   0 132 138  98 133 104  78  15  78
  31   0],0.693166666667
[  0   9 139 122  18  41  46  30  31  62  86  87  19 130  83  18  21   5
  29  38],0.779833333333
[ 51  98 130  18   4 117  35  29  16 148 142 126 139   1 101  89 118  10
  81  41],0.688333333333
[ 51  31 144 114  81  96  25  29 132  27  84 125  18 104  92  91  12 126
  25  67],0.747333333333
[ 42  98 125 111   0 119 109   1 138   8  15 107  71 123 101  14 103 106
  23  44],0.734833333333
[  4  31  91 144   4 117  25  11   8  92 124 126 139  33  89  32 100 124
  81  43],0.701166666667
[130  23 100 124   3  23  16   0  10  44  31 116  99  57  32  73 116 105
  75   0],0.713666666667
[ 50  32  90 136  75 111 100  11  26 105  27  36  50  57  10   9  15 119
  18  43],0.722
[ 57 145  86 101   2   7  53  79 126  10  89  25  78  57  90  68  18  27
  33 129],0.713666666667
[140  98 114 115  94  92   7  97  67  86 102  85  19  66 106   0  93 106
  21  39],0.755666666667
[132  80  91 113  90 127  21  97  97  49 124 135  48  30  49   5  52  78
  28  41],0.729833333333
[ 78  91  52 124   2  34  96  79  64  53 119  39 137   2 124 147  44 116
  25  48],0.742333333333
[ 41  39  93   0  82   7  21  18  31  26 115 119  85  66 129 137  93 119
 119  78],0.730333333333
[  5  40 101  91  39  30 106  34  76  18  30  25 133  42  90   2  25  79
  37  47],0.680166666667
[133   9  44  67  15 109 104  85  31  78 120  80  89  28 137  77  19 133
  24 133],0.763166666667
[ 50  29 139 114   4 127  76  70  76   8   3  85 134  27 133   0 120 108
  56  46],0.759666666667
[132  26  86  56 131 149  32  60  13 117 114  87  92  92  42  92  63  14
 144  62],0.714
[ 48  43  18 120  94  27  76  78 120  79 112 129 132  51 105  60  50 143
  32   7],0.742833333333
[  1 147  16  68   1 111  24  17 147  53   3  87  48 104 129  10  90   8
  76  45],0.759166666667
[131  52  50 112  72  24 147  63 129  92 115 132  78  13 119  14  10  24
  41   0],0.7545
[  4  89  54  70  82 148  35   8  76  24 129 117  98   0  16   5 119   8
  21  12],0.754666666667
[130  85  78  72  82  98  35  96  79  10 132 107  92  27 106   0 119  41
  33   8],0.755
[ 71  39  15 107  77  96  76   7  13 149 118 128  48  29 142   5 141 105
  90  69],0.784166666667
[ 39  43  18 112 147 139  19  94  29  27 143 136 132  42  77  92  12   8
 112  44],0.697
[132  26  52  56   2 149  61  78 120 117  27 130  76  51 127   0 100  74
 144   7],0.76
[140  89  86  65  94 147  76  97  67  53 114  87  92   0  42  92  51  14
  35  32],0.7555
[135  99  91  76  92 142   7  77 148  25 134 142  74  44 103  89  99   6
  23 128],0.717833333333
[ 37  48 108  64   1  94  41  18 149  60 132  79  75  30 127  58  73  25
  29   8],0.743333333333
[ 41 146  97  58  51 135 105  89  68  44  35 119  69  48 101   9  96  71
  22  40],0.737833333333
[  0   9   8  68  82  50  19  14  49 105 131 138  98  44 136  78  11 119
 143  99],0.746666666667
[  1  37  91  65   9 137 104   0  29 149 138 140 134  91  84   5 105 119
  24  78],0.747166666667
[  5  26  27   0   4   0 144  56   9 143 129  84  17  35 142   2  91  11
  30  19],0.751833333333
[132  89 101  93   0  58  34  20  19  86  23 136 110  70 103 125 116 115
  21   0],0.730666666667
[ 38  99  12  91 131  35 101   1 124  92   9 105  86  16 134 142  16  34
  21 138],0.7135
[  0   9  13  71  92 114  24  17 149  26 103 119  47 104  73  73 108 143
  29  46],0.804833333333
[ 34  87  97  19  90 149  16   5  96  53   9 119  54  40 127   3 119   8
   5   8],0.743166666667
[ 50  37  82  74   3  35  26  28  16  89 120 109  92 107 119  65 117  11
 130 106],0.742666666667
[ 28   5  15  63  90 119 144  92 145  27 116 122  92   3 121  88  49   5
  56  44],0.746666666667
[131 146  77 132   1 148 147  10   6  90 129 117  22  13 119  61   8  32
  21  43],0.746333333333
[ 50  39  83  68  84 149 104  14 126  88  15 136  44  70  42  76 105  82
 147  34],0.709666666667
[ 45  54  80 104   4  23  79  11  79  93 139 133  78 101 136  76  96  81
  83  44],0.7595
[ 44  33 139 107  79 114  61   8  82  52  16 126  39 103  94  10  18   0
   3  45],0.763666666667
[ 50  32  50  68   7  18 118   7  19  78 112  90  80  16 125   5 104  77
  25  80],0.7595
[132  35 114 114   3  20 105   0 146  52 121 108  88   0  46   0  13  99
  24   1],0.742666666667
[ 41 144  79  65 131  22 122  93   2  24  16  87  80  49  25  14  15 132
  95  40],0.755
[ 41  85  75  65  77 119 105  81  28  48 126 126  80  27 143 141  53 132
  74 127],0.763666666667
[  4  42 108  62  77  26 106  17 148 148 139  79  50  28 136 144  11  35
 131 128],0.713666666667
[127  51  53 104   5  25  99  93 145 142   4 133 149  42 136   0  72   6
  19  83],0.800666666667
[133  40  54  68  51  44  35  97  96  51  78 126  92  33   8  91 103   8
 140   5],0.743
[137  36  80 143  71  25  19   2 103  25 133 116  92 102 132  10  91 106
 131 124],0.722166666667
[132  33  49  67   6  14  76  81  79  45 113  87 137  44  84  12   6   8
  56  39],0.73
[131  36  14  93 147  95  46  94  67  27 143 130  37   0  42  60 126   3
  35   0],0.751333333333
[ 47  83  14 111  90 114  19  97   7  52  16 135  78 135  92  63  95   1
  28  43],0.725833333333
[138  91  11 113  80  93  21  62  75 142 124 126  48  30  49  85  98 116
 126  62],0.705
[  2  88  82  79  72  94  74  29 146  92 140 126  78  51  16  66  17   9
  31   0],0.763
[127  25 101  91 140  93  32  14  79  44 144  49  78  92 105  92  52 120
  26  62],0.776166666667
[ 49  32  91  63  55 109 144  92 137 142 133  88  19  28  85  16  69 135
  27  19],0.755333333333
[ 77  99  13  66  80   7 121  71 148   9 129  87  47  33  96  16  59 119
  80   1],0.734166666667
[  6 146  60 114   6   9  33  10  96  48 132  81  47  68  73  34  14 143
  93  46],0.743
[ 84 146  12  61   7   9  38  20  97   4   9 138  78  66  28  14  11   8
  33  48],0.7015
[137 144 122  73   6 111  71   8  59 141 129  77  53  33  92   0  15 143
 132  63],0.7465
[134  10  84  57   3  26  19  62  70  53 133  81  15 123 136  88 119 105
  27 132],0.705
[ 50 147  13  57  80   7  44  14 146  96  24 140 100 101  77  16 116  99
  56   1],0.738166666667
[  5  81  54  68   4 149  71  28  19   2 124 109  83  32 128 147 100   2
  32  45],0.713833333333
[137  36  78 112  74  25  22  97 103  11 104 137  78  49  88  60 119  24
  53 124],0.779833333333
[128  89  80  66  51  13  35   7  91  93 140  81  20  44  28  14  57   3
  34  41],0.688833333333
[139 146 111  93   3  35  16   0  78  29  86  87  96  45 119  81  50  17
  18   0],0.755333333333
[ 49  28  78  67   1 132  25  85  13 114   3  81  20  31  92  91  12   5
  72  30],0.746666666667
[ 60 146 120 126  92 137 105   2 123  55  12 117  50 127 129  58 108   5
  90   5],0.705833333333
[ 50  52  44  16  71  51  24  91  80  60   3  82  47 135 136  86   6   3
  76  45],0.739333333333
[ 49  83  76  93 147 148 121  24 123   9 141  78  79  42   5  58 101  14
 123  39],0.734166666667
[ 77  41  84 121  80  93  35   5 124  46 116 107 126  29 103  18  15  10
 112  18],0.71
[ 49  34  45 111  81 141 103  77   9  10 129  85 146  44 123  86  96  76
  53   4],0.747
[134 146  89  16  92 137  35  99 106  89   3 117  51  65 131  68 110 118
  29  46],0.758666666667
[  1 146  58  58  72  23  33  17   8  10 132 136  18  33 136  10 117 105
 127  46],0.725833333333
[ 51  83  13  55  84  18  24   7 149  13   4  88  79 123  91  79 103  10
  21 128],0.718333333333
[ 42  41 108  93   4 149  36  10 102  88 129 136  22 103  76  77  15  31
  21  34],0.7135
[ 41  55  50  68  84  13  40  73 129  92  52 139  51  70 125  32  98  74
 147  87],0.730833333333
[ 55  36  82  65   1  27  42  28  14  53 112 139  48  16 138  60 108  10
 112 124],0.797166666667
[  1  41  17  97  82 140 107  17 147  53 115  87  90 104   5  10  52   8
 127  69],0.779666666667
[ 37 145  12  93  80  55  46  74 147  83  10  86  88  31 143 125  11 142
  29 136],0.739166666667
[129  24  78  93   5  11  40  18 148   7 106 138  16  49  86   0  99 145
  15  18],0.7095
[ 40  38  78 124   0  18  35 117 122  63  31 103  18  19  83   6  17 119
  24  43],0.767166666667
[ 27 146  81  77  81 100 108  29 145  60   2 107 133 126 129   9  21   5
  23 130],0.714
[ 38  38  82  68  75  91  50  96  30  53 139 136 146   0  18   9  13 107
  25  41],0.776
[ 88  81  59  58   1  26  45  88  26  27 141 108  47  92 131  10 113  14
  25  29],0.747166666667
[140  98  52  65  55 147  60  97  19  53  27 131  76   0 127   0 100  74
  24  18],0.804833333333
[129  89  47  96   2 109  50  24  67 105  31  80  78  56   9  71  52 115
  35  32],0.775833333333
[142  99  92  70   6  13  45  59 148  60 130  82 110  30  82 137 116  34
  24  46],0.7345
[ 29  92 100  57   3 108  96  11 105  92 124 135 133  33 142  29   3 125
  28 130],0.738833333333
[  6  88 139  57   0  93  14  87 129  52  86  87  19  48 126  93  17 147
  28  75],0.726
[ 54  83  83  58  74  20 106  80  68 142 114  36  85  70 129  92 105  81
 143  34],0.751166666667
[130 144  81 113  10 146 102  10 106 141 104  81  99  41 119  95  94 107
  78  40],0.700833333333
[ 49  98  81  90  82  26 105  92  12  27 104 138 110 137 103  97  17 140
 100  44],0.721833333333
[ 59  27  80 111   5 109  35   6 103 141  86 123  48 105  94   5 120 132
  98  42],0.675833333333
[ 52  40 102  58  73 111  19  63  67  47 129 117  17  67  87   6 102  82
  24  40],0.7805
[140   9   8  90  71  92  35  74  88  94 104  36 111  64 128  85  44 115
  24  44],0.738333333333
[132  38   0  67  74 119 106  93 105 117  11 137  53  49  79  95 128  10
  27  78],0.78
[131 147  47  65   1  24 147  29 131  92 124 137  78  13 119  14  52  24
 115   0],0.784
[ 37  88 114  69   3 136  35  63 142 141   3 132  80  30 123  58  10   7
  41  62],0.717833333333
[128  32  68 130  74 135  19  90 135  25 125  27  81  29  83  32   6   2
  35  44],0.751
[146 149  86  65   1  32 106  29  29  55 132 119  47  44  46  29 103 119
  55 109],0.722333333333
[ 41 144  58  55 131 119 105  93   2  48 126  87  18  27  25  94  22 132
  53  40],0.771166666667
[  1  31  79  65   2  18  33  31   7  10 104  86  80  49 142  14  15   7
  92  42],0.7015
[137  89 101  68   0  58  34  20 124  49  23 105  19 101 103  94 116   3
  21 127],0.763333333333
[132  32  83  91 146 123 103  84  81  92  27  87 113  16  87 142 102 115
 123   0],0.772333333333
[ 48 146 108  66  80  47  98  81 129 116 133 136 145  44 128  14  98   3
  80   0],0.734333333333
[ 36  94  65 111  15  28 142  63 132  57  97 126  85  46 101  74 119   9
  23   4],0.680666666667
[131  33  93  64   0 148  38   1  91  11  16  28  50 103 119  96  89 143
 121  18],0.751333333333
[ 39  80  79  96   4  34  71  30  66  12 126 118  41 101  91 147  44 133
  26 106],0.742166666667
[ 38 146  66 104 146  14 108  61  91  19  86  79  92 130   9  63 104  13
  24  43],0.784666666667
[130 147 122 122  74 142  32  29  27  27 132  87  50   4  22  94  62   3
  17   4],0.755333333333
[ 43  44 137 138   1 100 120  87 149 142 115  86  73  48  79  12  17   4
   5  95],0.755
[128  39  83  69  74 141  96  78 130 146  27 117  28  18 129  13  12  12
 144   0],0.7265
[ 57  44  91  76  71  93  18  34  31  49  30  79  78  30  13  58  50 120
  29  19],0.7135
[ 37  48  78 122   1 142  41  18 149  25 134 112  75  47 127 137  73  25
  37   8],0.750833333333
[129  89  78  70  42  96  33  18  31  53  16 137  92 136  47   3  12  12
  33   0],0.762833333333
[132  31 142  18  81  27  25  30  19 148   7 125  19  44  91  93   3  10
  22  62],0.7215
[ 59  27  80  65  81 109  19  58 103 148  86 123  48 105  93 138 120 132
  24  42],0.743333333333
[130  90  80 111   5  79 105   8  69  47 113  88 137 132 137   5 105 118
  24   5],0.7015
[129  94  91  17 149  14  39  19  97  54 116 120  99  44  92  75  95   5
  56  41],0.759833333333
[ 55  32  92 123  75 103 100  69 108 142 113  36 136 134  79  28  21 118
  73  43],0.7675
[ 44  83  84 117  13 108 111  29  67  25  28 142  67  30 138  97  96 104
  32  44],0.7385
[ 41 147  60 114   2  19  35  87 137  22 125 112  92 104 125  12  50   6
   5   4],0.784333333333
[ 49   9  89 111  74  92  35  77  88  94   3  36  53  64  43  85   3 115
  29  44],0.718166666667
[140  83   8  90  71 141  35  74  93  10  11  88  51  44 128  67 128  81
  24   4],0.726
[128  99  47  72  79 148 107   7  69  48  31  81  92  56 132  81  92  78
  29   8],0.73
[  4  40  60  68   0   8  50  97  79  51 133 142  78  33 142  73  63 106
  21  87],0.738833333333
[127  25  60  92  42  10 105  70 105 148  81 135 135 130 121   9  53   3
  32  67],0.734166666667
[  4  37  91  70 137  41  41  96  18 105  35 140 137  49  77  64 102   5
  21  84],0.734
[ 50 149  54 114   1  23  33  75  76   6 124 133  53  84  18  92  21 143
 110  29],0.722166666667
[ 53  26  10  74  54  93  38  35 122 149 138  73 135 101  74  93  55  34
 140 128],0.7425
[ 44  92  99  69  82  26  35   8 149  25  16  30  51   3  94  65 102 132
  24  38],0.738833333333
[ 50  95  94  64  10  38  43  78 106  44   4  85 133 135 103  97   3   8
  53   9],0.676333333333
[140  23 122  68   7  25 147  93  67   9 124  87 110  16  46   0 119  12
  53   8],0.7515
[ 57  91  59 126  90  35 101  77 148 141 129 122  74  29 126  92  21   5
  30  43],0.783833333333
[  0  55  89  58   2  73  32  11  77  56 139  29  15  27 142   2 118  13
  91   0],0.755166666667
[ 45  43  83 126  94 135  45  84  76 117 124 137  85  45 101 138  21  25
 144  73],0.779833333333
[134  38 142  65   2  94  35   0  93  24  88  30  93 133 128  67 141  10
 131  56],0.743333333333
[139  26 101 112   9  92  40  63 137  53 101 132  85  65  46   6   7   3
  35   4],0.6805
[  1  28  50 112  75  94 100  10 149  57 114 107  78  45 127  76  17   9
 106  30],0.701
[  2  39  97  67  84 149  36  93  67  47  55 136  22   2 133  27  72  78
 130   0],0.768
[ 28 144  86 127   8  30  42  79  83  24  79 126  47  68  15 138  71  13
   4   5],0.755333333333
[140  97  82  57  84 106  44  84 148 147  27 117  92  66  19   0   4  69
 112  44],0.7555
[ 41  86  97  71  87 114  50  56  73  94   3 121  50  41 127 138 119 138
 115  46],0.742333333333
[ 54  85  57 123   1  86  41  35  96  26  26  36  54   1 130   5  17  76
  28  11],0.713
[ 47  81  62  68   4  23  79   6   9  86  92  85  50 109 137  15 113   7
  37  87],0.721833333333
[139  23  79 119  77  37  49  10  88  58 132 108 141  47 135 125  93  41
  53  41],0.734166666667
[  5  38  80 101   2 110  73  81  31  53  27  28 112  33  28  69  94 113
  25  58],0.7715
[ 48  35 108  77  99 148  99  29  23  51 132  82  19  45  94   0 106   8
 141   0],0.751166666667
[  7  46  14  58  73  20 121  82 103 148 112 110  86  52  91   9  21 120
  35  31],0.742666666667
[ 48  83  49 124   6  23  23   0  97  14 113 122  77  52 105   6  17 136
  56  30],0.714333333333
[ 50  26  13   0   6 103  96  87 147 142 102  82 133   2 129  34 100   3
 131  85],0.730166666667
[ 83 144  81  61  15  16  42  79  67 149 120  81 137 103 129  97  52  14
 143  44],0.722166666667
[127  89  91 125  94 132  38  90 141  25 110 136  50   1 135  93  14   9
  23  79],0.697
[136  26  91  58   1  25  36  79 137  62  55  73  98  52  97   2 108   5
  81   5],0.725666666667
[ 37 149  10  68  82 148 108  97 145   9 135 142  78   0  92  64 100  10
  30 106],0.756166666667
[130 149  54  61  94 135  41   1  19  27 115  36  19  46 126   0  53   5
  25   0],0.759
[ 56 145  60  16   0 111  46  37  25   6 133 120  27  42  73  78  53 140
  27  75],0.755
[ 37 144  81 125   2 106  19  84  10  54 114  81  78  68  91  12 103   3
  53  84],0.718
[139  87 114  69   1 136  35  35  67   6  24 140  80 135 103   5 139   7
 115  43],0.734166666667
[ 34 100  83   0  51  92  32  70 142  10 134  83  19  15 100  91  18  16
 109  60],0.725666666667
[ 52 147  50  19   1 108 147  22 129  97   3  85  23  66  18  69  62  13
  41   0],0.7475
[ 56 100  13  68  83  24  38  63 105 148  48 117  19  49  28  88   9  81
  77  41],0.738166666667
[134  95  78  65   8 106  49  84 148  55  27  76  89 101  19  63  99   7
 112   0],0.78
[ 42 139  53 114  42 110 108  95   3 105  83  83  44  49 138   7  71  13
  25  29],0.754666666667
[139 146  82 114  51  29  16   9  67   6 134  83  19 135 119   0 139 122
  18  30],0.746833333333
[139  28 111  93   3 132  32   0  13  29  86  87  96  45 103  81  50  17
 106  43],0.721833333333
[128  95  81  66  82  23  76   7  68 141 135 136 136  44  40  89  57 132
 144  45],0.7635
[140  88  82  57   2  13  43  32 121  53   3 117  44  41 137  12 119 109
  32   5],0.721666666667
[137 146  44  16  92 137 103  99 106  89   3 117  22 102 131  86  15 107
  53  46],0.747333333333
[ 49  45  80   0   1  17  38  93  31  27 104 136 146  65 133  76 110  76
  27   7],0.788833333333
[ 38  42  82 117  51  28  45   9 145 148  79  83  19  69 127  60  54 122
 106   0],0.797333333333
[139 146  80 114   6  23  32  60  67   6 134 110  48 135 103   0 139  35
 131  43],0.742
[ 51  89   8  74  83  96  25  92   9  89  57  88  50   0  91  29  21 115
 130  41],0.7385
[ 41  46  79  66  73  13 109  92 124  82 130  90 134 137 119  78  22  14
  37  44],0.7385
[ 48  34  80  91  73 146  31  18 103  58 114  79 137 105 101  89 100  92
  25  46],0.763166666667
[ 30  83 109 111  42 109 108   8  27  36 122 138 136 132  40   5 118  10
  55   1],0.689
