[ 82  98  52 125  93 137  96 133 132 120   5   8  44  88  49  29 139 134  92  19],0.576
[ 78  68  12  31  95  47  81  50 111  47  97   7  56   0  31 109  57 132  50 147],0.586666666667
[ 86  34   9   6   6 125  78  50  85  60  38  40  42  93  96 102  60 135  68  44],0.580666666667
[ 36 144  22  92  51  25 146  41  65  88   3 119  89  92  36 103 111 143  52  72],0.609333333333
[ 22 127  20 116  95 127  13  46  95 112  28  40 128  66  22  51 113 146  94 146],0.570666666667
[ 14 144   0   2 111  43  36  91 128  46  25   7  16  27 131  29  46 148  80   9],0.583333333333
[102  97  33  80  11 127 116  50  79  78 145   7   1 106  42 103 127 143  69 148],0.578666666667
[ 21 142 144  87 149   1  35 121 144  72  97  94  60 121  42   9  95  55 115 137],0.607333333333
[ 23  17   0 125  93 137  81 133  76 122   5 125  35   2  49  29 139 134  50  65],0.575333333333
[ 82  98  12  77   8  59  31  54 111  93  76   8  44  88  25  67  45 148  47  19],0.599333333333
[  5  33 148   1   4  35  97  44 125  87  44  85  48 116  98  48 108 130  46   1],0.593333333333
[ 39 139  12 114 144  39  86 124  12  60   6  90   0  45  52  67  54 116 115 142],0.586666666667
[ 36  35  65 115  11   4 146  44  13  54  27  60  58  86  45 102 125  32 148  72],0.608666666667
[ 54 147   0  31 141  46  35 127  38  92 145  90   1  43  27  31 111 134  38  43],0.592666666667
[100 128  90   5  96  58 142  41 129  50   3   6  28 118  42  72 110  54   2 145],0.59
[ 64 139  26 113  88 129  34  28 144  43  95  41 128 116 114  55 139  50  43 149],0.579333333333
[ 25 107  25 115  18 127  31  75 108  88   8  26  42  88 103 136  46 146   1 147],0.59
[ 61  43  25 116 111  62  96  75 110  22 110  92  60   2 131 100 111 132  42 148],0.568
[ 51  97  66  35  89  25 120  50 104  63  29  36  58  28 131 138  53 112  58  33],0.582
[ 14 134  12   6  48  99  31  50  27  62 104  90   0  32  27  69 125 148   2   9],0.568
[ 64  99   0  86  95  63   0  47  28  86  49  36  59 130 113   4  57  62   0  47],0.59
[ 75  34   6  53 149  79  77  52 147  72   6   7   0  32  93 102 136  52 112  79],0.608
[ 61  17   8  72  24 121  63  42  20  87  78  10   1 116  98 146  59  61  35 109],0.607333333333
[ 76  33   0  71   4   1  31 127 149 103 104  40 127  44 100 143 121  52  58 147],0.614
[  2 132 145  92 108  41  77  44  81  83   0  29  38 108  98  53 136  61  50  65],0.578666666667
[ 27 107  33   0  93  60  70  52 123  58  96  62   8  38  45  67  94 112  57  44],0.576
[ 57  14  14  52 137  79   0  27 143 106 149   3  58 118  42  68   0 132 108  42],0.578
[ 23 147 140   2 137  63  96  94  18  46  95  92  55  38 131  31  60 109  92  44],0.56
[ 21  29   0 125  20  99  80 127 149  86  25  93  89  74  92  53  29 128  91 145],0.596
[ 64 147  14 115   1   3  97 109 109 124 147  26 137 104  50  87  83 121   1 147],0.584666666667
[ 35 107   7 112  52  41  16  44  18  90  41   7 124 127  47  73  51  42  55 138],0.565333333333
[ 27  14 144  92 114  58 140  44 129 114  60 122  43 112  24  53 114  50   0  60],0.599333333333
[ 28 146  25 148  52  63  77  33 138  50   0  22  46  90  48  20  54 112 114  73],0.582666666667
[ 10  52   0  70  89  18  67  41 123  72  41  86 102  43  44  44 124 143  42  39],0.598666666667
[ 67  18  26 113  90 129  34  44  57  43  99  67 124 105  36  55   0  42   0 149],0.598
[103  95  20  90  13  24  93  73 129 112  58  90  46  96  48  53 111 145  52 147],0.567333333333
[ 17 128  51  29  88   1  25 107 147 108 149  34  48 114  52   9   3 145 105   8],0.595333333333
[ 61  18   0 127  90  15  96 122 125  89  94  11   0 118  97  28 131 147  47  45],0.587333333333
[ 50 131  67 126 136 131  39  50 113 138  90  85 131  88  42 102  53 123  42   9],0.596666666667
[ 57 108  44  64  55 146 137  52 132  91 103 122   0  37  97  69  57 148  48 146],0.584
[ 50 143 144  59  93 127  77  50 123 112  95  32  39  91  90  56 131  61  40  24],0.590666666667
[ 34 107   1 125   8  82  86  52  84  74  49   8  16  88  75  28  31  61   1 107],0.592
[ 57 130   1  50  95  58 140  41 113 111  41 130 121 105  51  68 124   8  47   4],0.598
[ 36  95   0 145   5  44 148  49 143  28 149  61  48 120  33 106  28 114   1  11],0.606666666667
[101  31  17   6 147  79   0 113 147 106  32  93   4  32  47 101  81 149   0  63],0.600666666667
[ 64 104  10 107  87  61  81  50 114  44  92  84 126 115 118 102  55 148 147 145],0.598
[122  52 114 116 141 127  86  41  79 113  28  83   0 144  34 146  82 149  76   7],0.587333333333
[ 28 130   3  89 140 125  31 127  10  53  44 127  46  91  98 134   2  23  46   8],0.564666666667
[102 134  18  54 111  60  80 126 145  49  75  90 123 107  33  58 107  24 107  45],0.596
[ 30  30  65   6   2  61  77  36  55  54  73  93  18 128  37  84   0  51 146 135],0.591333333333
[ 28 106  20 115   6  45 140 125  56  22 147  81   4  91  37  32  53 148  47  60],0.586
[ 55 142  92 115  11  16  80 124  93  88 145  71   0  70  48  31 110 143 104  64],0.589333333333
[ 30  13   5  52  30   5  70  43  63 110  38  29  60 118  47  46  60 147  60  66],0.588666666667
[ 66  33  92   4  89 123 116  50 123  42  46  12 127 114 125 144 119  42   2   7],0.563333333333
[ 30  19  24  57   8  60  97  91 143  22  41  83   0  38  30 141 117  55 115  70],0.610666666667
[ 64 101  30  27  13  71  16  76  16  52  48 112  16  90 103 136  46  60   1 148],0.619333333333
[ 20  16   0  32 100   5  30  47  46 121  76  82 124  44  30 106 123 147  49   6],0.586
[ 50  94  31  92 135  21 118  27 146  50  29  84 129 116 131 142 125 147  69  10],0.589333333333
[ 13  14  45  85  93  60 119  42 134  90  58   4 128 112  42  28  46  51  70 149],0.606666666667
[ 24  95  90  90  51  23  30 125 114  87  38 123 101  76  26  53 117 126  92 138],0.586666666667
[141 128  10  67   7 137  25  52 143  22  75 130  63  39  52 108  95 134   0  64],0.604666666667
[ 53   8  10 126   0  77  78  44  46  83  37 119 121 118  27 109  59 145 104  13],0.599333333333
[141 128   7   4  95 129  86  80  19 138  39  93   0  32  47 146  29  56 110 148],0.589333333333
[ 43 144   0 116  95 127  77  51 129  47  46  19 137 120  48  29 140 149  96   6],0.584
[ 36 107   0   0 142  24  70  52 126  59  76  62 123  46  48  67 132  61  59 147],0.596
[  2 149  91  90  93  41  67 123 123  53  41 118  59 108  98 144  94  87 104  65],0.572
[ 82 130  17  60   7 125  27  79  57 113  80  88   1  34 100 142   1 149  77  44],0.594666666667
[ 66 149  18 118  52 126 120  52  82  52 149  92 127 105 106 102 144  85  56  56],0.586666666667
[ 99 143   1  59  47  82  86  48 108 135  74   8  16  88  75  56  31  61   1  65],0.625333333333
[ 34  14   3 130  11  37   2  52  84  77  95  26  16  40  94  70  40 127 107  24],0.574
[ 24  94 144  18  89 101  20  45  57  49  76  87 121 144  37  72  63 144 105 140],0.567333333333
[  5  40  10  64  87  80  61  49 133  90  30  36 128 118  24 106  54  52  52  70],0.576666666667
[ 39  29  65 147  90 122  67  52 143  88   3  69  29 118  97  99 104  53  77 142],0.570666666667
[ 74 101 144  91  84   3 148 127 130 124 112  83  58 128  23  87 117  85  94 148],0.570666666667
[ 42 148 148   0  95  39  96 127 124  87  73  90  56 116  51  48 108 130  69 149],0.569333333333
[ 35 136 116   6 100  83  35 109 123   9  97  86  60 132  99  53  84  86  45  70],0.583333333333
[ 36 132  30  50  94  27 140  41 143  73 138 123 119 118  51 138  45   8  74  60],0.594666666667
[ 39 136  14  88  11  19  36 149 141  91  30  12  16 134  26  68 112 146 110  66],0.59
[ 22  15   9  59  95  83 118  73 128 113 149  10  55 118  98  50 124  56  48  60],0.532666666667
[ 30  52  67  54 149 131  74  50 107  43  39 125 125 144  27  29   1 148  79  62],0.604666666667
[ 77  49  68  64 148   1  25  44 143 124 112 122   0 128  23 132 117 149  57  54],0.575333333333
[ 82 101 144 147  90  22 148 127  20 110 117  69  58 119  96  87 126  53  94 148],0.587333333333
[ 20  52   0  59  29  60  13  44  72  48 105   7  16  69  98  70 124  59 107  59],0.581333333333
[ 51  35   0  31   3  59  87  91   5  24  25  83 125  39  94 103 111  54 146  70],0.598
[ 53 100   2   0   1  79  74  52 130  88   5  93  55 118  94  58 108 147  69  65],0.58
[ 82 144 143  87 143 127  78 133  87  50 149  89  96 112  24  66 123 137  40 108],0.578
[ 62 126   9 107  55  58   2  43  17 110 109   7 127 133  35  72 123  24  20 145],0.576666666667
[ 82  14  18  86   5 129  69  45 128  91  94 128 127  44  48  72   3 145  92  64],0.578
[ 50  98  28  31  97 101  77  83 132  72  26  81  59  25  37  70  57 129   3   9],0.597333333333
[ 23 108  10 144  97  79  78  45 106  87 104  10  12  88  26 101  85  50  60 137],0.6
[ 22  49  51  64 148  18  83  44 130  54 114  94  60 108  98  72 121 148  54  13],0.566666666667
[ 24 101  10  67  95  79  65 127 133   5  95  36 127 119 103 109 139 130  92 108],0.6
[101  49   0 145   1  43  34  47   5  48  25   7   0  69  22  32 124  54 108 149],0.588
[ 22  30  23  59  26  60  92  91  72  86 105 112 131 105  94 103 113 116   2   7],0.592666666667
[ 30 146   7  35  88  97  80 125   2 121  58 123 101  25 101  58  85  53  56 149],0.577333333333
[ 13  99  31 107  97  60  81 107  65  87  94  39  89  32  25  53 104 146  70  81],0.574
[ 42 141  51   1  95  39  97  94  57 111  97  90   0 116  52  48 142 130  69 146],0.584
[ 23 136 148 147  95 101  96 127 124  87 144  27  56 116  99  36 108 116 114 149],0.604666666667
[ 57  95   8 145   7  44  25  49 113 111 149  61  48  39  33 108  28 114   0  64],0.579333333333
[141 128   1  67   5 137 148  52 143  22  75 119 121 105  52 106  95 145   1   4],0.594
[ 13  99  31  34  97  60  21 125  66  87  58 123   4  25 131  29 104  53  70 149],0.574
[ 55  94   8 107  16 112  81  44  65  86  58   7 101  33  25  53  29  54 122  74],0.55
[ 36 100   3 116  97 127  77  49  65  88  72   8  59 118  28 106  16  50  55  13],0.563333333333
[ 53  95  28  31  88 101 148  83 132  72  26  81  38  25  37 101  57  58  60   9],0.577333333333
[ 27 108   9  50  51  78  16  44  17 110  73   7 127 133  35  72 123 107  47  35],0.570666666667
[ 62 126 147 107   5  58  69  50  57 111 109  26  39 132 111 142  87  24  20 145],0.587333333333
[ 30  32   5  55  14  20  75  73  57 114  28 127 127 115  98  77  45 149  43  64],0.582666666667
[ 27  34 114 129 135  58 140  54  57 110  58  90   2 112 101 102 131 148  52 147],0.565333333333
[ 48  94   0   5 111  79   2 123  64  54  36  12  89 118  27  30 127 146  76  64],0.586
[ 99 131  92  31  55  74  30 108  13  47   0  33 122  89  48  64 114  62 146 147],0.61
[ 66  33  18  60  16 129  73  73 123  55   0  93 127  96  48  71  83 116  54  59],0.579333333333
[ 62 130 119  55   7 125 120  52  57  52  80  86 127 105 106 102   1  85  56  11],0.587333333333
[ 59  94  10  88  90   1 147 122 104  46 111  39  89  90 103 138 110 146   3  62],0.588666666667
[ 50 147  10  69 136  75  97  73 113  49   0  41  59  35  23 103 121 115  91  79],0.585333333333
[ 55  80 147  63  16  77  77  42 120  63  38   9  47  35  37 139 111 147  94  64],0.591333333333
[ 62  15 144   0  90  60  25  51 115  74 106  81 102  91 118 109  58 148  61  65],0.589333333333
[ 99 131  92 113  55  74  30 123  64  43   0  33 122 105  48  64 114  42 146  61],0.598666666667
[ 64  95  26  31  90 129  34  73 129  54  99  67 124  88  48  55 111  62   0 149],0.586
[ 59  30  91 128   6 127  77 127  40  85 145  29 121 118 101 139  81 116  59 146],0.594
[ 62  35  10  67 143  80  61  52 133  90 145   7  59  92  47  31  48 148 109 145],0.576666666667
[ 30  33   0  54 134  60  80  50  65  72  77  41  54 126  33  58  48  57 115 108],0.602
[ 61  97 144  80 149 127 116 121 107  72  97  26 123 100  40 103  54 149  64 148],0.568
[125  18   3 130 141  17  24  48  17  22 142  41 137  38  22 139   0 116  94 146],0.584666666667
[ 39 135 146  88  12 129 143  50 144 106  39  90   0  37  30  72  81 146 107 147],0.588
[ 62 134  23  35  84 125 119  44 131  44  42  91  46  66  40 135 104  24  44   5],0.56
[102   5 148 146   1  97 137 127 123  87  37  17  53 142  97  67  83 130  70   1],0.6
[ 23 131  21  88  55  94   0 124 104  53  40  83 128  34  94  67  94  51  95  58],0.596
[ 59 137  36  51 148  20  70  30  67  59 142  90 122   2  97 101   0  62   0  14],0.589333333333
[103  47  20  31   7 137  81  52 142  22  58 119   1  39  49 109  95 109   0  43],0.616
[142 128  14 146  26  22  78  94 145  45  88  39  59 116  46 139  60 145 105  64],0.608
[ 85 139  25  68 137  60  97  42  28  63  94  81  55  35  22 103  85 146  56 147],0.58
[ 57  29 119  63  49 130  97  48 128  88  49  90  57  44  27 102 136 127 114 145],0.578666666667
[ 42  29   5  51   8  23  27 147 123  89  27  73  22 144  52 143  54 148   0 139],0.596
[ 27  94  23  90 110 112  25  44  18  48  30   5 122 112  38 139 136 116  95  11],0.573333333333
[ 27  32   2  90 135  59  75  73   0 114  58 125 127 115 101  77 133 146  56  64],0.598
[ 51  34   4  55  90 115  30  52  57 111  95 127  30 144  49  66  19 149  43 141],0.576
[ 82  65  50 130  51 122 116  73 115 138  80  29   0  70  53  72 136  50 104 109],0.590666666667
[ 25  14   2  89 147  46  13  43 143  50 142  69  17 116  22  85 143  88  47  32],0.588
[  3  29   0 113 147  83  67 147  65  49  33  26  61 118  42  29  60  53  56  62],0.596666666667
[ 64 144  10  11  95  61  78  45 120  85  43 125   0  46  45 137  57  53  45 147],0.602
[ 64  17  10  31  95  35  25  24  14  22 136  36  42  45  49 143 144 145   0  64],0.597333333333
[141 128  92  90   7 137  81  52 143  76  75 122  13  39  47  55  50 137  76  60],0.585333333333
[ 27 136  12 107  95  61  81  94 123  71  28  29   0 116 125  36  60  42 116  11],0.601333333333
[ 24  99  94  31  30  42  97  79  14 111  86   9  60  24  91  27 142 143  59   7],0.596
[ 55  94   2  62   5  21  93  94 132  49  98  63   0  96  50  55  63 143  20 147],0.591333333333
[  6  18  10  11 137  61  78  44  66 104  30  33  48 118  43  85 125  53  45  79],0.564666666667
[ 52 144   0 126 149  18  80  55 112  52 105  86  43 132  98  53  87 149  56   9],0.583333333333
[ 57  16  51  90  52 124  78  50  82  87 147   9 123 114  24  30  66  56  58 145],0.584666666667
[ 59  15   2 107  12 146  80  73 120  89  71  92   4  38  26 103   3 127 113  44],0.566666666667
[ 54  35   1   2  55  78  61  94   5  85   0  66 119 127  37 139  59 116  47 145],0.582666666667
[ 25 104   0  25  24  79  80  55 142  69  39  31  54  32  25  30 110  49   0  42],0.584666666667
[ 79  97 141  50   3  79  84 127  13 112  95 130  89  37  47 103  58  61  58  14],0.57
[  2 107  33  24  18  41 118  27  64  53   0 112   8 108  49 136  94  62  59  64],0.598
[ 86 131  10 116   7  74  70  42 123 105  75  92 127  88  98  70  57  61 103  62],0.566
[ 30  35  12  56  90  83 121 127 130  43 146  81   0  45  37 140  61 122  80  62],0.591333333333
[104  52  67  53  95 129 118  50 128 112  39 125 125 144  27  29   1 148  79  72],0.604666666667
[  3 139   5 145   5  60  35  75 141  59  27 118  24  25 131  61 111 140  69 147],0.574
[ 27 128  90   5   8  18 143  52  17  28  58  40   4 112  44 144 144 114  43 108],0.580666666667
[ 55  52  11  68   3  21  80  47 130  57  25  92  89  39  42  77 126  54 107 145],0.559333333333
[ 22 137   0  30 137  61  13 109   5  24  25   7  16  74  98  70 111 126   3  70],0.601333333333
[  5  94   1  64  87 124  25  49 143  90  30  87 128 118  37  72  54 144  56  70],0.609333333333
[143 101  13  66  12  80  20  50 133 121 108  89  55 113  24 102 121 115 105  64],0.578666666667
[ 62 101  12 101  90  35  81  36 130  59 127  41  43  35  48  30 138  51  45  72],0.597333333333
[ 59 136   1 115 135  45  80 127 123 113  73  63 119  38  25 103   0 116 111  44],0.577333333333
[ 86  97  10  67  95  74  80  42 142  49  25  90 102  90  37  70  29  54  69  75],0.58
[ 56 131 144  24   7  24 118 139  64 105  75  92 127  88  49 106  57  62 103  64],0.582
[ 62  50   9 107  13  58  69  44  17 107 142  36 127 103  35  72 123  24  20  62],0.592666666667
[ 38 126   0  29   5  79  33  94  13 113 109   7  60 133  47  53 117  52  19 145],0.603333333333
[ 24  35  17  96  16  61  79  75  46  62 101  93   0 121  48 144  19 134  41  70],0.595333333333
[  0 108 144  93 137   4  80  30 128  94 145  12  57 118  48 141  52  57  53 137],0.59
[ 62  40  51   4  96  63  25 108 123 130  30  12 123 118  27  55  59  52 109 147],0.579333333333
[ 48  95   0  63 111  79   2  27  13  47  36  12  89 126  52  30 127 143  76 147],0.604666666667
[ 17 106  92 115  11  45 140 124  93  22 147  81   4  92  52  32  53 145  47  10],0.548666666667
[ 28  33 145  35  52   3  30  94  14  59 145  91  16 108  37  28 108  62  58  60],0.586
[ 61  33   0 146 112  79  69  78 132  86  45  92   4 132  42  58 113  51  68  59],0.599333333333
[146 144 144 114   8  60  32  50 143  60   6  86 122 134  32 102 132  62  94 141],0.614
[ 34  79   0  92   3 131  66  73  88  75  95   7 127 125  93  52  57  54  58  60],0.576666666667
[ 23 146  17 115  88  42 112  49 133  92  30  92 124  95  52  72 114 149  72   1],0.601333333333
[ 67 101  20 145  55   1  31  55 149  22  37  69  58 128  23  87 117  24  94  66],0.589333333333
[ 77  18 144 147  90 129 148 127 143 124 112 130  10  78  26  56 141  53  78 148],0.596666666667
[102 134  23 146 105 125 119  44 123  62 147  17  46  66  40 135 106  24  44   1],0.588666666667
[ 24   5   1   8  84  79  16  91  65  44  42  70 127  90  27 103 114  49 115 137],0.604
[103 128  20  50   7  79  87  27 141  22  58  39   1  34  49 108  95 148  95  32],0.608
[ 71 100  33  31  51 137  81  52 143 122  95  41 122  39 133  68  31 145   0  64],0.619333333333
[ 31  46  12  53 149  39 145  52  16  62  58  36 122  44  36  30  94 143   0 149],0.593333333333
[ 75  99   0 112  83  63   0  47  28  72   6  83  59 130 113 102  57  63  25  79],0.590666666667
[ 34  79   0  92  95 131   2 108  88  72   2 130 127 118  97  72 127  54  72   3],0.594666666667
[ 82  15   0  64   3  20  66  73 107  75  97   7   0 125  93  52  57 149  72   1],0.592
[ 62  46  17  63  96 128  93  45 115  74  75  93 102  44  45  55 120 119   2  65],0.556
[ 25  15 144  71  89  60  25  51 149 112  38  81   5  91 118 109 111 148  61   9],0.597333333333
[ 61  15 147  55  89  63  17 147  14  74  63  90  18  96  98  66 125 127  61 148],0.581333333333
[ 64  13  25   6 111 127  96 147 108  50 107 112 125  91 117  69 127 146  42  18],0.59
[ 36 107   9 106  57  84  77  40  13  88 114 124 123  36  52  52  49  32  61 146],0.576666666667
[142 148   5  87  47 101 146  73  57  59 149 143 129 144  28 102 128  52  52   9],0.586
[ 62  40  51  30   4  22  25 113  82  87  30  12 127 116  52 146 105  57  37 149],0.556666666667
[ 61  17   8  63  96  63  42  27 123 130  42  10 121 126  98  55  59  52 109 147],0.582666666667
[ 55  94  66  11 137  61  78 109  66 125  30   7  48 118  43  85 125  55  91 147],0.574666666667
[ 64 147  10 125   7  21  69  44  12  49  94  33  55 118  26  87 126 120  45  61],0.575333333333
[ 50  34   0 149  11  61  61  73  65 122  49  93  39  23  25 102  26  54  76 108],0.584
[ 27  94   0 125  95 127  31  50 123  58  47  32   7  91  93  56 131 143  94 107],0.594666666667
[ 39  34   0  31  88  20  97  43  82  53  41  26  16  39  25  31 111 149 107  64],0.590666666667
[ 27  35  12  55   3  61  79  44 104  41 144  23  47  96  36  33 110 114   3  70],0.580666666667
[ 52 127   9  18  97 125  77  42 129  52 149   1  43 144  47  53  60  81  52 148],0.593333333333
[ 39 107   5   4  47 101 146  73  57  92 149  22   1 112  45   8  48  52  72   1],0.604666666667
[ 77  17 144  32   6  46  99  44  12  92  30  90  57  86  96 102 111  24   0  43],0.599333333333
[ 54 134  51  94  83  63 146  44  38  90 145  90  48  90  94 101 138  53 112 139],0.59
[ 82  14  51 130  51 131  74  73 115 138  80  29  55 116  98  72 136  50  48  60],0.583333333333
[ 22  15   9  59 149 124 116  73 105  43 149  10  17 118  22  50 124  56  47  32],0.525333333333
[ 51  30  12  50 142 129  31  52 143  59  97  40   1  25 115 140  61  85  80  64],0.571333333333
[  2 107  48   2  12 128  70  52 104  22 108  62  29  37  48  67  94  61   3 146],0.565333333333
[ 54 139   6  75  95  16  77  51  88  62  73  90  46  66  47  69  90 111 113   9],0.588666666667
[ 64 142   2 113   2  79  62  50 147  62  76  81  89  32  75  50 125  55   3  20],0.560666666667
[ 24  35 144  52  92   2  16  47 108 104  32 130   4 118  47  56  96 149  43  62],0.6
[ 13  37  14 147  32  62  30 127  57 106  98  84  43  89 103 101  57 119  56  72],0.564666666667
[ 50  33 143   6  90   3  83  50  79  62 145  90 125 105  52  28 125  62   3   9],0.591333333333
[ 17 134 145  35  52  79  30  94  14  61 101  91  16 108  47  69 110  55  58  10],0.581333333333
[ 25 104   0  25  24  80  81  55  13  69  95  31  89  36  25  30   0  49   0  42],0.569333333333
[138 136  12 149  95  79  80  55  92  47  27  90  35 105  99 137 110  52  69  11],0.581333333333
[ 52 142  33 114 147   1  67  50 133  78 145   7 122  43  44   9 113 112 110  62],0.602
[102  43  14  87  11  63  35  51 144  72  41  86  60 106  42  69 127 143  69 137],0.566666666667
[ 28  94  91   8  92 125  83  50 104 144 143  36  58 118  27 100  54 148  76  72],0.584666666667
[143  35   0  93  84 127  75  44  85 113  42  85  59  92  36  31  48 131  38  60],0.588
[ 25 148   5 120   6  44  70 109 121  42  78  36  97  34  51 137 113 142  45  64],0.574666666667
[  7  14  12   0  49  83  99  45 143  59 111  65   3 111  31  53 111  52  92 147],0.589333333333
[ 39 131  44   6 111  74  25  45 114  93  76  90  16  33  27  31  57 149  69  57],0.598666666667
[ 99  17  10  64  11   5  94  40  65  54  97  85   7  88  48  70 142 149  50   6],0.571333333333
[  5  34  12   1   4  25 120  41  27  87  97  93  56 116  37 102  45 144  52  71],0.599333333333
[  5  94   9  64  86  80  20 122  12  60   0  89 125 118 131  48 108 130 105 145],0.595333333333
[144 144  93  67  55  72  74  48 129  72 147  36  89  32  94  77 126 148   3  10],0.596666666667
[ 39 131  44  50 137  78  80  45 130  57  90  92  59  96  42  69  55  62  59  80],0.574
[ 27 100  11 116  88  22  32  48  66  63  80  66  58  44  98  52  54 112  52  19],0.53
[ 40  19  48 104  55  43  83  94 102  63  98  90  41 127 115  32 131 134 146   1],0.596
[ 77  66  92  27   5  45  99  73  82  59 112  89  44  32  98 106  42  54 149  65],0.562
[ 26  80   4  66  89  80  83  44  82  76 146 127 127  89  94  64 131 149 110 146],0.565333333333
[  7 128  90   5  96 131  96  41 144  83   3   7   0 104  35 103  82 127  71 147],0.6
[100 129   0  33   6  58 142  44 121  50 145  86  28 118  42  72 110  54  43 145],0.593333333333
[ 53  30  30   4  13  82  80  73   2  22 149  83 124 112  25  53 121  58  55  13],0.576
[ 30  18   0 126  97 131  36  73 113 122  33   1 128  36  30  58  51  84  42 109],0.588
[ 51  17  91  87  89 110  72  30 139  61   3 123  90 127  29 101  46 148 113 147],0.585333333333
[ 57 134  55  77  51 127  96  47 147  43  44  88  17  22 113 139  86  55 107  30],0.569333333333
[ 27  68 140  92   2  83  86  73  88  75  97   7  86 112  48  52  53 149  92 108],0.587333333333
[ 28  11   5 112   3 127  66  44  65  95  25 123 127 126  35  28  57  24 113 137],0.520666666667
[ 52 146   5  12   8  80 118  40 104  49   0  39  35 113  23  31 111  84  44 108],0.611333333333
[ 26  19 140 149  31  77  97  41 123 122  88  93 130  71  26 102  64 127  66  79],0.578
[  1  20  56 149   2  80  30  44  12  62   3   3  89  66  75  70 113  52 113  11],0.602
[ 39  94  12 104  95  61  81  79  93 113  30  81  35  91 100  50  90 149  69  64],0.586666666667
[ 10 149  25  70  52  18  77  41 138  49  58  22 122  44  48  20  54 143 114  73],0.562666666667
[ 31  49  12 112  83  39 145  47  16  62   0  83 102  90  36  30  94 143  25 149],0.586
[ 22   3   2  35 147  57  74 148  18  58 104  92 126 127  22 134  81  50  58  11],0.592666666667
[ 35  14   7 112  52 142  16  44 113 114  41   7 124 127  24  53  51  42  55 138],0.574
[ 57  92  17 116   1 129 118 106 149 121  76  26 124  46  25 106 120  50  48   6],0.601333333333
[ 24   5   2  80   5  24  93  94  46  83 149  91   0  90  50 139  97  51  77  79],0.594666666667
[ 57  13  25   6 111  62   0  27 108 106 107  37 126 118  42  69  54 146  92  18],0.594
[ 64  13  92  10   6  22  96 147 104  50 147  90 125  96 117  68 125 132  42  32],0.592666666667
[ 42 126  12   8 142   5  30  43 131  52  46  63  49 133  21 102  53 116  47 143],0.568
[ 13  97  10  87  50  19  88 142  30  59 112   8  29 103 131  72 136  47   0  72],0.594666666667
[ 60 103  22 115  14  20 146 147  45  90   3  40  61 118  97 102 130  27   2  10],0.562666666667
[ 86 144  36   6  51  25   3  41  85  88  76  89  89  92  21  77  60 143  52  72],0.597333333333
[ 24  98  10   6  48  79 120 127  27  62 104  90   0  33 131  69 139 130  92   9],0.581333333333
[ 14 135  12  67  95  25  65  50 130   5  95  36 129 108 103  72  56 148   3 108],0.589333333333
[ 54  33   3  64  14  41 138  30 127  84  41  40  59  35  25 145 130 126  70  10],0.576
[ 74  35 142 115 137 146  80 123  57  90   0  92 125 104  90  77 126  88  41  70],0.582
[104  91  84  77  17  30   0  50  46  51   0  89  98  96  24  51  64  23  70  46],0.566666666667
[ 19   1  51  29 103  44  80  44 149  50 145 123 127 101  45   8 106  49 104   9],0.596666666667
[139 139   5 107   5  44  37  73  87  43   6 120  20 102  47 138 121 134  70  44],0.568666666667
[ 57  95   1 145 149  26 140  49 113 111 149  90   6 104  32 106  28 149  40   4],0.601333333333
[ 14  30 144  90  26  20 121 124  29  59 145   8   0  78  75  31  85 148  46 147],0.586666666667
[ 51  68 148  87  48  39  93  42 126  50 147   9   1  92  98 100  53  47   2 147],0.578666666667
[ 54 134  12  31 142  46 146  41  38  59  97  90  57  40  47 105 111  85 109  43],0.603333333333
[ 51  30  51  50  89 129  31  52 104  92 145  40  29  83 115 140  61  24  80  61],0.581333333333
[ 66  80  33  52  51   6  76 125  28  87  73  61 103 130  47 106 104  53  80 114],0.575333333333
[ 13  95  45  85   5 127  33  50  58 109  58  27 122  88  25  53 108 143  70  57],0.573333333333
[ 20  29  14 145  55   3  31  90 149  89  76  26  89 144  52  56  58  48  76  36],0.557333333333
[ 21 145  12  88 135  20  81  52  79  62  37  19  49  32  26  72 141  24 114  33],0.588666666667
[ 64 131  65   6  95  62  30 147 129  50  46  11 103 104  26 148  29 146  42   8],0.581333333333
[ 39  97  22  67  95  61  96 139 113  49  97  90  42  96  48  70 109 121  67 141],0.556666666667
[ 21  29 120  77  90 124  31  42 149 106 147  29  55  46  22 145  83 134 115 147],0.576666666667
[ 57 144 119  63  49 130  97  40 128  88  94  90  55  35 130 103 136 127 114 145],0.57
[  0 144 144  93 137  20  80  47 147  94 145  41  57 118  48 141  52 134  71 137],0.58
[  9 108  14  60  52   4  97  30  46 111 147  12  18 113  26 143   6  56  53  60],0.585333333333
[ 61  40  51  32  26  63  96  50 132  47  31 118 121  28 101 144  59 119 109  61],0.561333333333
[ 27 101  28  63  96  27  25  27 123 130  30  12   0 126  52  55  48  52 109 147],0.580666666667
[ 25  52   3  32 111  78 101  52 139  87  43 125   4   0  34 106 142  49  69 144],0.596666666667
[ 36  17   9  64  88  61  65  44   9  61   3  83  89 127  47  70  86 149  47 147],0.588666666667
[ 42 136  60 115   7  40  34  29   2 121  30  93 126 113  99 132   0 124 149  12],0.581333333333
[ 24 101 144  87  84  24  83 113  15  59  27  40  18 125  26 108  45 149  60  68],0.580666666667
[ 24  99  94 107  95  42  97  50 133 111  86   9   0 107  27  36 140 149  47   7],0.590666666667
[ 64  60 137   2  89  37 140  94  14  41  38 130 124  24  89  29 142 143 114  59],0.584
[ 23  22  10  90   7 127  31  46  40  17  58  96  11  38  49 144 103  57  49  60],0.589333333333
[139 142   0  55 149  59 140  45 127  85  42  37 121 130  47  49 123  27 146   7],0.592666666667
[ 86  98   2  31  52  46   0  52  38  92 145  89   0  86 118 102  79 117  38  43],0.590666666667
[ 54 103   2  31  95 145 146  44 123 104 139  93 128  38  27  50 111  27 103 149],0.570666666667
[  2   5  20  88 149   4  30  30  46  94  37  90 101 116 100 139  87 107  56  13],0.567333333333
[142 107  10  90 137  57  16  50 130  45  73  39  57  86  29 142 119  24  52  35],0.600666666667
[ 22  17   0   6  17  25 120 127  13  90  58   9 100 118  47  82  54 143   2 147],0.590666666667
[ 82  37 119 113 144  83 148  78  65  74  41  92   0 107  26  36  96 116  47  60],0.596666666667
[ 82  94 120 120  90  30 146  73  78  94 110  67   0  34  48   9  84 149 105 147],0.588
[ 25  95  10 101  49 124  25 133 132  61  99  12 124  32  30 139 111 149  70 145],0.548666666667
[ 17 132  51   4 149   3  96  34 121   9  20  91  45 108  35 141 111 127  71 147],0.588666666667
[  7 102   0  33   6 131 119  44  65  83 145  87   0 104  27 103  82 141  46  44],0.590666666667
[ 36 127  56   8 144  20   0  38  20  90  27   7  55  90  42  33 123  45  59  56],0.584666666667
[ 25 133   1  88  88   3 140 123  24  54 102  84 126 132  49 142  85 132  93  65],0.595333333333
[ 50  43   2  90  84  80 121  72   0  48   3  89  30  88  49  70 129 148  58  62],0.604666666667
[ 62  34   0 115  90 115  30  52 128 111  92 125  45 144 131  66  19 146  56 141],0.577333333333
[  5  49  66 145 113  43  87  91  38  86  47   7 127 105  42  29  59 107 110  70],0.578666666667
[ 22  49  23 146   1 127  34  47   5  74  28  93 131  46  22  32 113  54 108 149],0.608666666667
[ 53 134  85  64  96  23 137  41 144  50 104   7   4 118  48 139 123  54 103   7],0.579333333333
[100 128  90   5  55  59 142  74 128  61   3  85  28  88  42  72 110  56  43 145],0.59
[ 64  60 137   2  89  37 140  28 133  41  38 130 128 107  27  29 140 149  47 149],0.565333333333
[ 64 139  26 113  88 129  34  50 129  43  95  41 124 116 114  55 139  50   0  59],0.602666666667
[141   7  63  35 148  25  80  54 144  52  98   9   0  73  34 134 142  51 108   7],0.6
[ 24  99  94 107  95  27  97  94 143 106  27  40   4  25  52  36 106 146  23  11],0.59
[ 53 134  36   0 109  41  58  46 123  58 104  29   6 106  25  67  94  62 105  65],0.592
[ 24 107   0  77  90  18  70  74 113  62  76  33  90  70  98   8  42  87  20  78],0.586666666667
[ 50   7   5 116  89  25   2  41 120  56 116  92 127 118  47  73  94  54  50   8],0.571333333333
[143  15  51  90  29 127  75  52 104 141 146  85   4  37  94  72  30  58   2  72],0.607333333333
[ 30 142  12 112  51  20  31  42  29  89 145 123   5 126  94 143   0  52  55  82],0.594
[ 99 101 148 130  30 127  97  78  54   9  76 112  16 113  35   8  51  54  49  64],0.582
[ 55  17  66  35  89  20  17  44  14  55  27  81  89  88  98  66 127 112   1  61],0.607333333333
[ 61  15 147  55   3 127  23 147  38  74  60 112  18  91  26  66  46 127  61 148],0.56
[ 35  52 120   6 101  27  25 133  65  52  73 110  42  93  48   7  57 116 105  70],0.564
[  5  33  33 107  88 129  97  51  82  94  58  83  60 132  29   4  84  58 149 148],0.576666666667
[ 27  68  49  92   3 127  66  45  88 113 136   7  43 112  48  52  60 149  43 108],0.572666666667
[102 128   5   5  96 125  30  73   5  78  97  86 127 118  53 102  85 139  90 143],0.575333333333
[104  31  16  26  14   1 146  73  20  88   3  86  46 105  23  53  56 149 147  10],0.594666666667
[ 62  33  45  96  89  99  24  49 108  53 101  64  98 108  26 137 120  56 113   6],0.550666666667
[ 22 144  12  87  52 127 116  41 129   9  39  89   1 121  26 143  98  52  79 109],0.604666666667
[ 21  97 144  80 149 127  36 121  79  72  97  94 137  92  42 105 132  57 115 148],0.574666666667
[ 72  94  21 115  11 127  85  88 110  71 101 123   3  37  98  74 108  24  50  72],0.556666666667
[143  18  51  90  89 127  75  41 104 144 146  85 127  36  47 131  94  54  46  62],0.584666666667
[ 61  18   0  92  88  15  96 122 128  89  94 122   0 114  47  73   3 145  47  45],0.573333333333
[ 27 110 144 127 114  41 140  44 129  90  60   9  43 112  94   9 114  42   0  60],0.598
[ 63 144  10  11  47  61  78  45  66  63  27  26  61 118  42 137  57  53  45 147],0.567333333333
[ 64 149   0   5 147  77  79  49  13  49  30  36  89   2  97 143 111 126  74  15],0.598666666667
[ 82 101  64 118  13  80  23  51 143 110 149  40 125  45 131 146   0 137 106   3],0.593333333333
[102  49  19 116  17  37  25  24 132  53  46  43  61 113  30   8 126 134 146   7],0.586
[ 77  66  92 116 149  62  99  79 104  51  45  69  11 126  34 101 117 149 147  62],0.578
[ 42  33   2  66   5  45 140  44  82  76 112  89  44  32  94 106  42 149 149  64],0.586
[ 36 100  60  32   3   9  81  94 128 103  99 125   0  86  38 147 110 149 148 148],0.579333333333
[ 34  35   0 113  95  45 140  79 141 112  58 130  46 108 126  29  60 148  43  62],0.586
[ 57  16   2  31 149 124  78  44  82  92 145  89 123  86  27 102 111  27  56  43],0.571333333333
[ 54 103  51  90  95  46   0  55  38  88 147   9   0 114  24  30  66  56  38   9],0.586666666667
[ 75  35 142  77 137  60  80 123  65  84   0  92 125 104  25 146 104 143  41 149],0.59
[ 13  95  45  64  14 146  30 125  57  62  76 123  89  88  91  72 126  88  73  70],0.576
[143 101  24 144  15  79  97  78  17  44  41 112  16  38 106   8  46  60   1 148],0.596666666667
[ 64  19  36   1  52 125  96  34   9  88  44  90  54 112  24  46 108 149   1  39],0.592
[ 28  33  92  62  26  60  92  91  72  48 105  37   0  70  94  66 124 134   2   7],0.598666666667
[101  30   0   8 108  22  85  44 104  22 101 112 124  24  98 103  54 116  52 105],0.590666666667
[ 75 139  33 145   5  40  35  75 143  28  58 118   4  25  27 144 144 140  69 145],0.584666666667
[  3  45   5  90   8  18  78  44  17  43  58  14  55  73 131  41  82 139  61  64],0.586
[ 61  95  54  87  47 127  87  42 145  52  28  35  33  26  25 100 145 116  20   1],0.589333333333
[ 59  17   2  31  95   5  81  52  76  53  76 125  13   2  49  66 107 117  47  65],0.564666666667
[ 59  52  45  67 113  78  58  46 113  62  20  90  46  70  33  70  51  54  20  78],0.548
[ 24 107   0  77 109  18  25  52  15  61  76  33  88  37  25   8  42  87  47 108],0.591333333333
[  5  17   7  59  32  97  30  49  29  52 136  89   0 113  44  59 149 148 103  58],0.580666666667
[ 86 142  17  90  86 127 140  91  86  17  27  90  46 120 103 145 107  51   0  74],0.62
[ 58  95  44  55   3 131  31  27  17  89   8 120   4  34  94  66 113  83  47  64],0.573333333333
[99 17 10  4 12 59 94 94  5 59 71  4 42 69 27  8 59 29 52 14],0.562666666667
[ 57  95   2  58   5  26  81 129 113  58 143 130 124 119  47 138  48 149  56 147],0.559333333333
[ 50  95   1 145  14  44 140  49  15 111 149 120  20 104  33 144  28  53  70   3],0.578666666667
[ 82 100 143   0 143  79  74  52  87  50   5  93 102 111  98  66 117 137  60  68],0.581333333333
[102  51  68  50 111 128  35  53 129  77 149  88  55 112  24  76 123 111  69 108],0.564
[142 127   1  24  91  81 140  76  20  90  44  37  46 118  49  33 108 117 146   3],0.593333333333
[ 36 132  30   8 144  20 140 123  56  28  27   9  55  90  47 137 123  45  59  56],0.574666666667
[ 60  33   0  35 111  60  80  43  55  72 117  90  48 128 131 139 131 149  54   7],0.599333333333
[ 85 147 144  54   1 128  94  44  82  62  77  93  46 118  51 106 107 134 148   8],0.58
[ 27  47  10   8   8 127  69  50  65  49 149 134  19 128  47  52 111 148 107  33],0.573333333333
[ 24  32   5  88  95 109 145  48  65  61 100  71  22 111  98 139 111 149   0  73],0.582
[ 62  94  23 149 105  60  34  76  65  48  44  40   7  23  38  56 106  54  45  60],0.572666666667
[  5  34  95 149 132  27  31  52  13  75  47   8  10  78  48  31 139 149  50 147],0.566
[ 61 107  17 116  18 127  31 106 108  88   8  26  60  88 103 135  46 134   1 148],0.603333333333
[ 57  92  25  80   1 129 118  75 149 121 149  26 124  46  25 139 120  50  77   6],0.578
[100 139  20  90 111  24  18  73  65  49 149  87   0  96  29  30   0 109 111 147],0.604
[ 37  35   2  11   1  61  35  94  12  85  77  88  43 131  37  29  61 145   1  44],0.608666666667
[ 24  95  45  85  55  16  30  45  64  47 147  19   0  88  51  85  82 143  92 147],0.580666666667
[ 25 139  18  91   5 129  86  94 132  91  94  87   0  44  48  55   3 127  92 147],0.584
[ 57 101  24 144  52  79  79  36  17  88  31 112  16 130  24   8  46  60 114 148],0.598
[ 64  30   0  31   7  77  97  78 141  43  41 128 100  38  97 105  25 132   1 149],0.585333333333
[ 86  34  18 118   6  61  99  77 110  42 145 130 127  78  31  54 126 149 122  64],0.607333333333
[ 39   1   0  31 105  44  79  44 101  53  41  25  16  39  25  31 111  50 107  70],0.576
[ 25  16  33  29  91  81  80  76  56  89  44 118  48  31  33  41 139  50 146  64],0.586
[142 132  10  24 108   1 140  44  22  28  75  37  48 118  47 137 108 117 104   3],0.602666666667
[ 21  19  12  55  15 127  17  73  67  69  44  92 123   2 103  32  83 148 105  42],0.559333333333
[ 25 104 145  55  27  17  96  34  12  62  96  90   0   0  22  67  30 149   0  14],0.583333333333
[ 36  52  18 133 108  78  31  52   9   9  97 125   3  44 113 106 142 132  77 144],0.574
[ 82  37  65  67  95  81 101  42 143  89  92  59   0   0  98  72 131  49  92  79],0.598
[ 51 137  36  51  51 110  96 124 147  89  88 128  17  44  97  67  85 119 149 135],0.597333333333
[ 59  96  33 147  55  94   0  36  67  59  40  90 122   2  50 138   0  51  95  14],0.599333333333
[  3 100  17 147 144   6  99  42  48  85   3   7   3 116  22 104 121 118  77   7],0.561333333333
[ 65 143 147  55  97 136 140  41 143 110  43  69  19  73  26  77 112  52 108 108],0.594
[ 51  99   7 112  97  81  81 124  37  54  43   7 124 108  41  53  51  84  55   7],0.548
[ 35  14  44 107  52  57  16  44  18 114  41   6 127 127  24  54   3  50  92 138],0.563333333333
[ 64 108  30 116 133 112 140  50  66 114 104  26  46  88  34 136  53 119  68 137],0.576666666667
[ 58 133  56  31  20   9  75  41  16  59  41  92 124 114 101  34 104 129  70  72],0.557333333333
[  1  29   0  77  29  44 120  46 110  19 145 123   4 111  98  30 111 148 104   9],0.576666666667
[ 23   5  16 126 114 137  28 130 120  60  76  40   4 115  48 102  54  50 105  64],0.584
[ 26 134  45 116   1   1 120  46  65  91  39   3  63  66  25 109 111 109 146 149],0.59
[ 37 144  23  54  96  43  79  50 104 106  90  26 131 118  22  32 113  50 108  43],0.571333333333
[ 14 108  17   2 111 127  80  91  63  46  28   1  19  27 131  51  46 146  94   9],0.6
[ 75 127  20  93   7  65  36  50  95 112  46  43  16  35  94  58  52 131  47   3],0.561333333333
[ 14 137  66 107 111 127  36  50 114  46  28  40  16  76  97  33 110 146  73  61],0.573333333333
[ 86 149  10   2  87 125  81 113  95  43  76   6 126  27 131  87 126 148  92  39],0.567333333333
[ 14 104  46  87  48  60 143 147 130  50 105 110 128 118  52  30  83 134  56 147],0.592666666667
[ 42  68 148  90  51  39  93 124 126  70 147   9   0  92  98 100  53 148  46 149],0.590666666667
[ 99  98   2 126  14 137  24  52 110  88 101  85  98  45  26 137  56 145 146  19],0.56
[104  31  16  96  55  99  28  73 108  54 136  64   8 105  48  67 114 149 147  10],0.563333333333
[ 49 107  10   0  93  98  70  51 123  58   0  40  27 128  95  67  54  61  59  70],0.576
[  2  43  35 114 147 129  28  52 133  59 149  62 119 111  26  69  94 149  47  62],0.568
[ 27  20  54  55  16 131 143  44 141  59  32  92 100 118  22  28 111 134  61  60],0.571333333333
[ 61 128  90   5   8  60  31  51 113 110  27  40  21 112  42  61 108 114  43 108],0.532666666667
[ 24   7  51  63  16  60  80  52 144  53  77  93  45 125  26 145 107  58 148   7],0.593333333333
[ 60  33   0  54 111  80  80  43  55  72  95  90  46 136 131 139  54 149  48   9],0.598
[ 50  94  10  64  87   9  97  49 143  90   0  87 128 118  37  72  54 144 105  70],0.601333333333
[  5  94 144  66 133  80  20  78 133  88  30  41  89  37 103  99  46 117   3  79],0.567333333333
[104  14  65  26 111  59  82  50 123  88  65   7  29 121  51 139 108 116 104  62],0.587333333333
[22 14  3 63 52 83 65 51 17 89  2 27 54 89 47 70 56 48 52 62],0.57466666667
[ 86 105  10 107  87  27  81  50 143  28  94  93   0 115  31  31 113 148   0 149],0.584
[ 24  99  94 107  95  70  97  96 114  52  27   9 126  25  52  36 142 146  23   7],0.603333333333
[ 59  37  92   6 144  82  86  57 143  71   3  85   4  37  27  66  95 116   2  24],0.600666666667
[ 28 144   9   4   8   6  74 124  79  88  76 110  55 122  37  53 110  62  94 148],0.576666666667
[ 99  30  66 114   8  77 121 113 123  59  45  92 101 132  23  87  60 149  68 138],0.596666666667
[102 100   0  90  88 127  78  51  12  58   0   8  43  78  34  31  53  58  45  64],0.579333333333
[ 55  80   9   2  16  77  77  42  65  63 106   9  47  33  37 102  58 147  94  64],0.589333333333
[ 51  15 147 146  97  20 119  52 120  58 149  71  48  46  42 139 115  53  43 148],0.555333333333
[  5  49  95 145   2  28  34  50  63  87  58   8  55  88  22  53  21 134  50  11],0.563333333333
[ 82 144  12  77  30 130 120  44  65  84  74  40  43 144  25  31  60 117  94  33],0.578
[  1  98  21 105  52   2  25 127  77  59 147   9  18 108 131  71   6  52  71  14],0.592
[ 50 127  29 125 141 148  96  44  88  89  54 123   0 106  93 134 139  50 148   1],0.568666666667
[ 59 107   1 116  18  41  70  27 123  53   0 112   8 108  98 103   0  61  59  65],0.578
[  2 139  33 115 135  45  80 127 121  59 127  63 119  38  25 136  94 116 113  44],0.566666666667
[ 64  60 144   2  89  79 137  50 133  41  38 130 124 132  27  29 140  58  47  59],0.592
[146 144 136 146   7  37 148  50 143  56  27  86   4 107  32  29 132 149  91  12],0.581333333333
[ 36  98   1  31 144  59 140 123  20 104  78   7   6  44  51 101 123  45 147  61],0.587333333333
[104 127  58  11  91  20  81  79  62  90  27  26  55  90  49  33  81  54  59  53],0.53
[ 64  94  91  63 137 125 140  50  85  22 145  36  58 114  27 103 114  42  77  60],0.577333333333
[ 29 146 144   8  92 129  83  77  35 113  42  36  60 118  36 100  54 131   0  45],0.581333333333
[ 42 139   5 113   8  23  25  35 123  43  27  71  22 112  52 139  54 149   0 139],0.593333333333
[108  29   2  90  47   6 140 147 140  48 149  23  24  68 101 102  59 148  23   9],0.566666666667
[ 83  33  10  31   7 137  73  52 143  22  78  36  13  39  49  54  50 145   0  64],0.594666666667
[141 128 144  55   5  97  81  50  64 103  75  39  33   2  42  52  21  51  94  14],0.556666666667
[ 20  46   9   6 142  29  13  42 149  52  75  93   5  30  75   8 105 116   2   9],0.559333333333
[ 25  50  14  74  95 128  93  45 131 112  27  28 124  44  45  55 120 119  23 143],0.597333333333
[  3   5 144 113 138 124  77  50 143  42  46  36  60  68  24  28  59 149  40 140],0.570666666667
[ 30  33  92  52  30 123  70  50 123 112 142  29  95 118 123  46  60  42  60   7],0.597333333333
[ 76  34 144 130 137 127  96  50 123  61  49  90  39  37  22  41 121 148  40 110],0.576666666667
[ 25  29 145 124  24  17  77  76  64  59  95  39   0  91  93  70 106 143   0  41],0.596
[ 30  50  65  55   2  61  77  50 145  54   0  93   7  38  48 144   0 136 103  76],0.599333333333
[ 51 126   9  70  92  18  77  41  15 111  46  22 127  36  37  69 110 133  43 136],0.584666666667
[ 36  29  23 146  11   1   0  38  67  62  76  81  46  32  24  31  64  23 148   1],0.597333333333
[ 19  35  65 115  17   4  35 127  13  56  27  60   1  43  45  72 125  32  69  72],0.613333333333
[ 43 124 144   6  89  79  78  91  11  86 147 130   0  40  47 106  58 117  94  58],0.588
[ 25  98  25  72 142  20  31  52 129  58   5   5   0 126  23  50 135 148 147  35],0.586666666667
[ 35 134  85 112  52  57  16  44  18 114 104   7 124 127  24  51 123  50 105 138],0.581333333333
[ 53  14   7  64  55  23 137  74 128  61  41  88   4  88  48 139  51  56  55   7],0.568666666667
[ 99  14   3 130  48  37  34  48 128 135  74  41  16 116 114  70  40 127 107  65],0.572
[ 64 139  26 113  88 129   2  28 108  43  95  26 128  39  94  55 138  50   0 149],0.582666666667
[ 64  97  10  63 135  24  85 107 120 122   5  34 128  70  49 131   3 143  20  32],0.584
[ 13 142  45  90   5  61  30  46 104  48 149  89  11 127  25  29 110 109   0  78],0.568666666667
[ 54  33 144  86 137  39  95 124  93  86  76  39   4  88  37  56  59 116  56 147],0.582666666667
[104 144   6  70  11  82  77 121  20 112 104  20  59  86  20 134  59  61  47  14],0.6
[ 22   5 143  87  49 127  36  41  65   9  39  70 137  91  26 143 123 140  79 137],0.587333333333
[ 24 144  12   0  51 134  16  91 129  53 147  92 127  92  24 103 132  50  67 109],0.586666666667
[ 50 132  51  90   5  37  83  49  17  54  30   5  60 104  50 139 106  53  69  13],0.571333333333
[ 25  53  35  38 149  18  70  44 133  60  92  81  59  37  47 147 121 146  41  44],0.575333333333
[ 42  95   0  53   8 105  77 107 110  48  32  81   0 118  94  53 110  51  52  44],0.59
[ 52 144  12  25  26 124  60 127 123  92 146  33 124  44  42 108  56  45 149 139],0.581333333333
[ 13  37  24  33   1 127  96 124  81  59  92 127 127  90  41  72   3  60 147  75],0.595333333333
[ 57   4  25  72 142  81  30  52 123  91   5  40   0 112  23  52 107  58  47 145],0.597333333333
[ 82  14   2 130  51 126 116  73 115 138 140  29  17 116  22  72 134  50  47  63],0.590666666667
[ 30 129  50   2 113 134 141  39  19 102  80  10   4  35 131  97 136  52 121  32],0.588
[ 36  94   9  67  89  78 101  44   9  87  33 125 119   0  34 106 137 116  69 144],0.588
[ 27  52  23  32  88 112  27  44  18  89  43   5   3 144  48 143 142  49  64  33],0.568
[ 54  32  12  87  55 127  75  42  27  47  31 127   0  44  52  77   3 119 110  32],0.589333333333
[ 14  34  12  50  48  25 120  41 128 138 147   9   2 119 131 100  53 127  54 147],0.561333333333
[ 25   7 145 146  24  27  96  73  64  74  42  39   0  37  22  70 121 149   0  42],0.598
[ 25  29  36 130  88  17  77 111 143  59  95  19 127 118  48   4 106 148  58  12],0.568666666667
[ 72  33  20 115  47 127 138  35 140  87 147  23  33  70  94  54 117 149  46   9],0.575333333333
[ 24  94  21 115  11  47  77  88 107  62 149 123   3 118  98  53  94  24  56  62],0.544666666667
[ 21  65  33 145  55   6  31  52 149  86  37  19  46 144  27  56 141  24  76  33],0.580666666667
[ 64 145   9 113  17  83  62  43  88  60  74  26  49  45  26  29  60 111 115 142],0.601333333333
[  7  81   1   5 144  20  33 124  86  90 149   7  55 118  98 140 108 130 105  56],0.592
[ 37 139 148   1   4  39  97  52 124  87  44  90  48 116  49  48  85 121  46   1],0.582
[ 82  18  17  90 149 128  88  46  88  46  76  39   5  27  22  70 106 146 106 106],0.58
[ 25  29 145 130  24  17  96  73  64  59  95  40   0  37  26  51  45 148   0  42],0.596666666667
[ 62  49 149  50  51  60  25  50 115  88 144  83   6  91 118 143 111  90  74  65],0.588
[ 64 144   0   5  47  21  69  51  13  52  27  93 102  91  47 106 123 126  45  15],0.584666666667
[142 104   2  90 137  50  30 124 107  94  92  93 102 131  52  50 140 147  56  49],0.565333333333
[ 50  34  65   4  90 131   1  77   0  85  94 125   4 115 118  28  62 115   0   4],0.596666666667
[ 55  78  38  93  16  77  77  42 120  55 106   9 129  35  37 139  84 147  94  64],0.581333333333
[ 62  33 147   0  16  97  77  73 103  63  40  90  47   2  97  67  58  51  54  14],0.59
[ 50  94   0  54 133  60  80  78 107  72   0  41  89 126  33  55  48 149  64 108],0.592666666667
[ 30  33 144  69 134   9  97  50 143  88  77  41 121  39 103  99  46 117   1  79],0.602
[ 25  68   5  18 135  42  96 124  57  50 147   9 123 144  44 101  53  52  46 147],0.574
[ 14 107 148  87  48  39  93 124 126  60 149 143   0  92  98 100  48 148   0   9],0.587333333333
[  5  94  10  64  87  57  20  50 133  45  37  87 128  84 100  72 119 144 105  70],0.592
[142   5  10  90 149  82  30  49 130  90  30  39 101 118  37 139  54  24  56  13],0.584
[102  49  45  77 111 127  35 125  65  62  76 123  89 111  98  74 104 111  73 149],0.547333333333
[ 13  95  68  50  14  60  30  53 126  77 149  88 102  88  25  76 117 143  60  68],0.576
[141 139 148  91  88  61  76  51 133  59  38  26  48  91  42 109  45 148 105  60],0.596666666667
[ 62  15 144  63  89  60  25  47 115  74 144  81 102 144 118 144 111 148  61  65],0.579333333333
[ 39  34   0 114  16  61  79  44 104  53  41  26 127  37  25  29 111  54 107  70],0.588
[ 64 144  53  31   3 112  21  45  67  86 145   7  16  39 130  30  57 149 122  74],0.584
[ 58  95  10   4  12 131  81  73   5  89  76   4   4  69  38  66  59  29  47  14],0.572
[ 42  17  10 116  51  61  94  94  65  48  71  34  48  90  30  50  54 106  58  40],0.549333333333
[ 72   2  16 115  11  44 121  88 108  22   3  92   3 116  27  53 117  24  46  62],0.584
[104  94  21 145 105  62  80  38  46  50 145 123 131   2 131  51 109 149  70  46],0.574666666667
[ 22  30  87 133 142  43  31  52 104 110  39  40   1 113  24  51 106  85  56   7],0.602
[ 14  95  20  77   8  60  36 109  88 136  84  81 101  70  25  50 111 148  45  78],0.585333333333
[  3  80  11  53  18  77  84  50  30  58  45  40   7 121 118  50 123 142  45  64],0.553333333333
[ 52  98  48 113  95  21  78  50 123  27  95  85 127  32  26  63  48 134  47 140],0.580666666667
[ 30   4  25  89   0 101  27  38  80  91  26 127  62 112 132  85  64 120  47 145],0.595333333333
[ 57 144  21 107  55  16 112  50  62  48 147  19  19  28 101   8  50  58  69 144],0.601333333333
[ 51 130  33  37   3 127  30  73 142  86 147  36  11 118  25  52  57 110   1  46],0.588
[ 27  68   5  92  51  78  66  73  88  75  97   7 127 112  48 138  57 149  92 108],0.572
[ 23   7  63 147  95  25  80  54 144 111 142  40   0 116  52  36 142 116 108 146],0.592
[141 141  51  35 148 101  97  94  57 106  98  27   4  71  34 134 106  51 114  11],0.576
[ 25   7  14  31 135  23  93  94 144 112  58   7 127  25  49  31 127 149  52 149],0.584
[ 57  19   5 111  49  82  67  30  65  53 149  91   0  96  39  52 117 138  19 146],0.584666666667
[ 26 134  45  54  98   0  30  50  65 106  39  39   0  28  27 109 111 142  57  33],0.600666666667
[ 53 100  66  35  88  99 120  50  87  63  29   3  65 118  25 138 125  50 146  43],0.582
[ 21 145   0 145  55   6  80  73   2  89  37  19  49  36  26  56 141  24  76  33],0.592
[ 30  30  12   4  13  82  31  52 149 121  33  83 124 144  25  58 121  58  56  13],0.568
[ 14  29  30   9 135 127  88  34  46  50  41  91  47  46  23  51  19 140  46   9],0.594666666667
[ 86 132   2 115   4  44  99  73 120  85  43  40  58  90 130 139 117 117  56   9],0.584666666667
[ 34 147  94 107  95  42  97  94  14 111  86   4 122  24  91  36 142  54 114   7],0.595333333333
[ 24  99  19  57  93  81  94  79  82  22  95   9   0 118 111 131 126 143 105 138],0.605333333333
[102  14   0  59  29  83  87  50  72  48 105  83  54 121  94 103 124 116 145  59],0.598666666667
[ 51  35  65  26 111  60  82  91 123  88  68  30 125  69  51 139 108  59  52  62],0.572666666667
[ 51  35   0  59  29  60  87  94  20  51 105  83   3  96  94  68 106  59 146  60],0.59
[104 142   0  72 142  21  26  91  72 104  95  10 125  69  50 104 124 145  55  59],0.598
[142  68   0  30  13  20  83  51  41  52  95   7   5  92  30 138  31 149  58   1],0.596
[ 34  92   0  92  51 127  66  41  88   9  76  71   1  34  93 143 134  53  92 147],0.598
[  5 132  13 149 111  70   0  50 123  85  68  39  38 116  48  31 117 149  50   2],0.598
[ 51  34  95  93 132  27  34  52  13  76  44  83  10  78  49 139 139  52  50  60],0.572666666667
[ 34  60  60  32   3   9  81  50 141 103  99 130   0 108 126 147 110  24 114  39],0.573333333333
[ 86  35  20  64 111  50  88  79  82  89   0  83  89 105  96  31 112 149 148 148],0.594666666667
[ 57  33   9  67 143  60 146  45 133  61   3  86 124 115  22  72   4 143  69 147],0.597333333333
[ 62  15  10 149  90 127  61 127  85  90 145  40 127  37  47  53  94  56  50  14],0.586
[ 39  43   3 126 141 129 143  41  22  22  39 112 137  38  30  72   0 146 107 147],0.599333333333
[ 64  18 144  90  55   1  30  49  17  61  94  93  48 112  30  67  21 146  45  65],0.598
[ 51 106  92  96  14  99  22 124 110  22  73  64 122 116  52  32 138 148  24  40],0.572
[ 30 107  16 115  11  45 140  73  93  59 147  81   4  91  37 137  53 137  47  60],0.578
[ 82  99  18  86  53  79  84  45 128  91  94 128 127  44  48  72   3 145  58  64],0.571333333333
[ 79  14 141  50   3 129   2 127 142 112  39 130  54  29  47 103  58  61  92  14],0.580666666667
[102  13   5   4  89   5 116  83  63 110  38  71 127 118  47  52 119 147   0 147],0.599333333333
[ 66  91   5  88  96  80  24  43  65 114  97  12  28 114  47 144 109 148   2  66],0.574666666667
[ 54 104  10  88 111  75  84  73 113  46   0  41  89  35  26 105 121 127  54  79],0.602666666667
[ 50  94   0  89 136 125 148  48  82  72  94  92 122  36  23  55 107 115   3  62],0.594
[ 30 101  91  62 113  83 141 114  19  53  69  91   4 116 131  41 136 143 121  63],0.573333333333
[  3 129   5   2   5 134  93  41   7 102 142  10   0  35  27  97  60  52  23  79],0.597333333333
[ 64  34  24  86  90  79  35  73 112  57  49  78 128 105  93 144 136 148  69  47],0.576
[ 50 139 142  52   5  18  77 127  78  51 149  63 127 132  48   4  48  52  50 147],0.558
[ 52 134  25  32   6  22  65  57 104  48 142  36  88 144  22 114  63  61   1 140],0.587333333333
[142  33  66 106  47  21  61  45 133  78  30  37 124  24  34  50 114  52 108 105],0.566666666667
[ 62  33  67  55  16 129  67  55 123  55   0  93 127  96  48  71  57 149  54  11],0.59
[ 58  94 119  90 111  56  73  73 107  47  39  88  43 118  48 100  83 116 112 147],0.566
[ 41  91   7 101 137 130 140 147 104  47 149  36  12 127  48   8 112 149   3  45],0.55
[ 62  92   0  63  97 128  90  45  83  91  30  89  62 134  27  67  52  24  60 148],0.574
[ 86 131  10  31 108  74 120 123 110  54  43  33 122  88  48  51  48  62 146  14],0.575333333333
[ 99 144  92  23  55  28  30  47  64 106   0  70 125  45  44  64 114 145   0  64],0.583333333333
[ 36 130  66   0  95  58  36  50 143  28  41  40  16 118  51  68 126 146  73  11],0.588666666667
[ 14 137   0  50 111 127 140  41  95  46  28 127 121  27 131  87 124   8  47  61],0.583333333333
[ 53  96  33 147  51  60  96  36 144  89  88 128  17  38  42 138  45 119 149 135],0.581333333333
[142  95  10 125 149 110  76 125 127  59  61  96 101  44  50 144  85  57 105  60],0.581333333333
[143  35   0  93   6 127  75  44  66  56 143  90  59  92  93  31  48 148  45  72],0.601333333333
[ 57 125   5 146  84  16 143  45 102 144 149  85  58  69  27 137   0  58  38  14],0.597333333333
[ 52 142   2  18  55  25 149  94  29  76 144 114  59 126  26 144  45 148 106  43],0.581333333333
[ 27  98  92  35 147  45 148  27 113  58 105  87 129 126  44 134 121  42  52  11],0.595333333333
[ 54 139  27   6  95  79  83  41 106  62 104  69 126  35  47 100   4  55   3 105],0.575333333333
[ 64 134   6  90 136  80  61  50 147  89  40  90  42 127  97 144 111 114  56   9],0.594666666667
[ 48  94 145 130  51  17  96  73  64  72  77  29  17 115  22  58 106 148  76  33],0.602
[ 82  14  50 130 109 124 116  73 115 138  80  39   0 116  22  72 136  50  47  32],0.580666666667
[104   1  84  29 105  44  68  44  46  77 146 123   3 101  45  51 106  50 104  46],0.581333333333
[ 62  95  23  50 103 126  80  54  20  50  43  84 127 119  37   8 106  50  45 147],0.574
[ 24  34  94  35  95  99  97  94  87  52 149  86 100  25  52 138 142 112  23   7],0.598
[ 51  99  91 107 108  27  98  41 143  43  27   9   0  93  94  36  85 146  58  44],0.578
[ 40 126 143 146 144 134  67  91 142  54  30  83  55 104 111 103 123  85  40 137],0.573333333333
[ 24   5   0   0  49 134  16  50  65  53 147  70 127  91  24 142 131 140  69  40],0.582666666667
[ 13 126   5  85  50  19  70 109  30  59  46  10  49 103 131 102  53  47   0  72],0.593333333333
[ 25 148  12 120  49  85  88  43 121  42 111  36   3  34  51  53 111 142  45 147],0.582
[ 82  81  51  92   6  47 143  44  12  85  98  92  48 103  92  67 135  53 112  56],0.576666666667
[ 36  66  17  92 145  19  99  44  77  89  98  85   1  90  97 101  60  55 112  61],0.566666666667
[ 61 101   0 114   8  60  31  78   7  85  45  91  55 130  47  49 113  27  68  59],0.581333333333
[ 23  22   0  55   7  59  32  45  40  58  42  37 121 132  42  41 103 149 146   7],0.59
[ 34 143   3  59  11 127  97  52  84  74  95   8  16  88  30  56  34  53   1  24],0.603333333333
[ 23  81   1 147   5  82  86  94  45  49 145  40 128  90  75  52  54  61 107  75],0.592666666667
[ 36 137 119   4  95  82   0  52 143  62 149  20 122  96  48  72   0 146  70  72],0.590666666667
[ 59  49  10  34  55 129  37 124 123  57   0  90 121  33  35 100  29 149 108  80],0.604
[ 59  29  91  55  12 124  99  50  40  92 145  29 121 118  42 139  19  45  56 146],0.561333333333
[ 86 142   2 115   4  44  80  73 120  85  43  92  47  46 130 139 106 117  59   9],0.591333333333
[ 12 139  10  10 111  21  36  30  89  89  29  39  16 105  31  51 119 115  93  37],0.544666666667
[ 77  52 144  90  90 127 148 130 143 124 112  40  58 128  23  87  80  50   3  44],0.576666666667
[ 64 100  33  50  51  79  87 147 129 122  46   8 122  96 132 146  31 148  92   8],0.608
[ 71 131  24   6  95  62  96  27 143  47  95  41  42  34  48  68 109 146  42  32],0.579333333333
[ 25 144  65  34   3 102  68  75   3  91  92   8  38  88 100   8 108 148  47 147],0.558
[ 57  43   0  86   3 131  78  52  65  87  42  61   0  93  98 139 111 149  57  32],0.592
[  5  49  12  67  83  41 140  47  16  48 149  83   0  44  49 131  94 149  20  57],0.584
[ 22  53  68 115 142  39 145  42  20  87  92  69 122  44  94 134 126 142  69  32],0.554666666667
[ 57   5   5  32 105  19  16  91 145 106 147  91 102  73  27 137  94  54  47  32],0.581333333333
[ 24 104   1   8  49  79  16  52  65  62   5  70 127  90  45 103 111  52 115 137],0.592
[ 50  94  67  90 111   9  97  55 143  47   0  41  43  37 103  99  57 149   1 147],0.598
[ 58  94 144  66 133  56  67  78 107  88  42  88  89 118  48 100  46 117 112  79],0.594666666667
[ 86 131  10  31   2  74 118 127  64 105  75  92 127  88  49  70  57  62 146 106],0.583333333333
[106  95 142  24   7   1 123  42  82  46 149  39  63 118 101 100 119  50 103  64],0.604666666667
[ 61  15 147 145  95 127   1  36  63  53  44 125  55 117 100  66 127  27  72 148],0.624
[ 23  17   2  87 139  59  17  52  12  73  76 118  35   4  25  66 103 149  47  65],0.581333333333
[ 82 128  22  71  47 128  86  42  85  95  75  40  86  92  29 102 132 143  79 109],0.561333333333
[ 86 143  49   6  48  25 146  41   5  88   3  92  89 118  96  28  60  24  52  72],0.59
[ 26   5 140 149  95   1  94  38 123  46  88  39   1  91 101  51  61 127 146  66],0.597333333333
[ 52 146  16  54  31  77 120  50 132 122  42  93 130  71  26  31 119  50  44  79],0.594666666667
[ 25 132  12  56 111  23  16  47  13  85 147  83  43  45  96 144 117 122  50   1],0.588666666667
[101  35  12  93  90 129 121 127 130  43  58  81   0 116  37 140  61  52  77  72],0.600666666667
[ 54 131   5 129  55  21  16  52 145 106   5  91 128  73  42 137  53  54  47  32],0.566
[ 50 104  44  32  49 131  39  52 113 138  90  85 102  88  45  69  94 123  42   9],0.584666666667
[ 52 146  50 144  52 132  25  78 133  88 146  26 127  38  24  69  46  61  47  79],0.594
[ 64 101  24 100  46  79  97 107  17  52  41 112  16  71  26   8  64  60   4 149],0.591333333333
[ 25  98  30  77 142   5  26 146 131  81  75  40   0  40  37  73  94  59   1 143],0.594666666667
[142  94  50   5 147  80  79  61 122  60  77  38  29 124  25  53 123 134 108  19],0.604
[ 60 101  23  33  96  23  85 123  17  83  27   8  43 118  33 100 123 145 112   0],0.611333333333
[ 83 145  11 107  89 131  78  47 123  22  68  40  46  45  22  53 117  58  47 109],0.57
[ 42  97  12  71  47 128  16 147 149  52  32  63   5 118  42  72 115  52  79   9],0.572
[  7  93  20 145  95   5  30 142 143  59 112  38  29 133  21  55 149 116  40   9],0.585333333333
[ 64  35   0  86  95  45 115  47  72  48 112   7   0  32  93 105 136  52 112  47],0.606666666667
[101  34   6  66  29  79  77  91 147  86  49  82   0  69  95   4 122 149 149  64],0.586666666667
[ 82 147 144  35  32  70  96  44  82  62 117  93  48 118  51 106 131  50  40   8],0.584666666667
[ 84   3  91  64   1 128  25  73  12  48  30 131  29  28  50  30 130 134  54 147],0.577333333333
[102  49 144  35  13  44  27  71  28  44 149  37   0 112  34 148 104 134 110   3],0.592666666667
[ 82 101  64 116  55  80  25  51 143 110  88  70  61 113  30   8   0 127 106  44],0.600666666667
[ 64 139  54 125   5   3  35  52  17  57 145  93 137  37  50 144  29 146  69 147],0.562
[  3 147   0 114   1  18  80 127 109 124  25 118 127 104 130  87 125 121  91 147],0.584
[ 51  34  44 107  97 112  96  51 149  50  43 122 127 108  50  92  94 135 105  74],0.563333333333
[  5  99  33  88 138  81  81 125  37  54 142   6  10  74  41  54   3  87  92   8],0.579333333333
[ 57  16  51 149 149 124  25  50  82  88 147  89 123 114 115  30  66  56  56   9],0.579333333333
[ 26  50  25  90  47 124  78  55 143 121 148   9  10  37  24  53 139 115 147  64],0.572666666667
[ 39  34   0  28   3  61  79  50  40  53  41  26  16  39  42  31 111 149  60  70],0.593333333333
[ 59 142  91  55  12 124  80  44 102  92 145  29 121 118  25 139 106  45 107 146],0.607333333333
[ 64  35  17  93  16  64  79 109 128  65 101  95  59  87  48  87 111  57  91 109],0.536
[ 38 147  66 125   7  21  69  50  12 124  94   7  55 118  26 144 126 120 116  61],0.586
[  3  15   9 111 111  50  93  51  57 112  58  91   0 105  36  31 108 138 114  39],0.577333333333
[ 86  60  20  64  87  80  88  50  82  89   0  83  89  96  96  53 110  24  47 147],0.593333333333
[144 132  71 123 143  60  24  46  13  84  38   4 124  38  42 142 131 117  47  60],0.596666666667
[ 27 132 144 125 137 126 146  50  88  72  60  36  38 107 103  28  87 147  92 107],0.568666666667
[ 64 142  91   6 147  79  80  50  40 106 145  84   4  32  47 101  55  45 147  63],0.582666666667
[ 59  31  17  55  12 124   0  50 147  92  32  29 121 118  42 139 106 149  59 146],0.594666666667
[ 62  12  10  67 143 127  61 127 133  90 146   8 127  74  47  53 126  50  50 147],0.582666666667
[  8 104 146  77 148  25  83  30 104  63 145  40  89  37  22 103  94  56 103   6],0.606666666667
[ 17  81  51 117  90   1  97 107 147 108  77  34  48 118  52  28 131 127 105  33],0.588666666667
[ 20 128  23  29   5   8  25  38 123  76 149   5 123 126  49  51 121 147  52   8],0.556666666667
[ 25 134  17  87   5  21  78 127  30 104  30  39   0 118  42 144  51  53  18  79],0.567333333333
[  6  18   2  62  90   1  93  94 132 124  98  63   0  96  53  55  63 143  93 147],0.586
[142 142  14  26   6  22  67  45  63 110  41 120 124  24  49  31 127  87  43  64],0.571333333333
[ 25  33  66 106 140 127  68  57 104  79  30  37 127  25  34  50 114  52 105 105],0.573333333333
[ 75  83   9  53 149  20  74  54  28  72 149  23  57 130  94 144 111  58  50 147],0.57
[  5  17   9 110  89   5  97  43  82  41  27  37  59  96  98  29   2  51   3 146],0.586
[ 28  49 147  67  83  58 145  47 123  95 109  90 122  35  37 139  94 143  20 149],0.56
[ 62  11  12   0  47  80  86  76  16  59 106   9  47  37  34  30 110  24  94  60],0.588
[ 57   4  12  32  11  80  85  50 128  22  35  90  56 115 131  41 126 125  49  14],0.581333333333
[ 41 134 144 116 108   3 121  52 147  49   3  30  60  73  47  65  83 148 108 144],0.571333333333
[ 25  34  12  85   6  23  96  42  96  43  69   8 128  96 117  28 110 140  52  39],0.584666666667
[ 24  14  90 144  95  50 120 113 134  90  38   4  86 112  42 137  46  51  92 139],0.550666666667
[  5 127  95 125 135 130  34  52  15  24  90 123  10 108  98 134 139  50 149  72],0.584
[ 50  52  29 149 141 148  96  44  88  59  55  40   0  78  93  70 139 109  50   1],0.592
[ 27 142  12  50  51  20  68  42  30  77  43 123   3 126  35 143  51  52  55 108],0.567333333333
[ 30  95   0 112  11 126  31  54  29   9  76  84   5 119  25   8  29 142   0  82],0.603333333333
[ 53  17   0  67  95 131   2 108 107  72   2 130   0 118  24  52 127 126  70   3],0.595333333333
[ 82  15   0  64  16  20 138  30  88 114 147  43   0  35  97  72  64  53  72  60],0.606
[ 21 142  10  80  12  61  76 106 149  59 112  26  11  69  24 144  59  50  47   6],0.575333333333
[ 58  95  10   4  84 131  94  94   5  89  71   4   4  38  44  66 123  29  45  14],0.577333333333
[ 65 143 147  55 144   3   0  38  24  85   3  84  19 132  26 142  85 132  93 108],0.588666666667
[ 25 133  56  88  88 136 140  40  45  54 102   7 126  73  42 104 112 116 108  65],0.583333333333
[ 62 144  29  93  16  97  77  73 124  55  40  90 127   2  98  67  83  51  54  14],0.556
[143  33  38  64  16 149 140 124 103  44 145   8  57 112  97  66   6 148   1 147],0.582666666667
[141  95  10   4  12 137  94  52 143  89  75   4   4  69  27  66  95 145  47  14],0.571333333333
[ 58 128  10  67   7 131  25  94   5  22  71 119 121  39  52 108  59  29   0  64],0.594666666667
[ 57  16  18  90 149 124  58  55  82  50 149  90 127 115  24  30  64  50  47 149],0.545333333333
[ 26  33   2   4 134 137  95  30  55  72  74 123  16 114  31  66 107 146  24   8],0.582666666667
[100  36  17 101  16   7  79  75  72  62  80  93   0 115  48 144  19  57 105  70],0.598
[ 24 140  20  96  51  61  33  49 128  88 101  29   2 121  22 140 136 121  41  32],0.567333333333
[ 61 141  50   6  51  60 116  78 132  86   1  63  56  86  42  55 113 126 122  59],0.582
[ 82  18  20 130  30  83  32  73 115  50  83  29  17  92  22  72 136 148  47  70],0.571333333333
[ 64 144  22   4  54   5 112  50  19  47 147  19  19  38 101  31  21 120  69 144],0.584666666667
[ 30 101 144 107  11  16  94  41  62  88  94 112   7  28  30  85  51 148   1 148],0.592
[106  95 142  31   2   1 123 127  82  46  46  93   7 118 101  67 119  50 146 106],0.608666666667
[ 57 136  12 114   4  41 143  37 145  71 149  38  63  34 103 100 136  52  59  65],0.577333333333
[ 39  17  56 104   2  20   0  44  12  62   3  26  89  66  22  52  90  52   3  64],0.564
[ 60 103   2  67  18  80  30 147  45 110  76  81   0 118  75  50  82  27 113  57],0.572
[ 24   7  17   6  16  80  28  52 144  53  94  93  49 133  26 145  54  58  48 138],0.584
[ 12 149  51  63  95  58  80  41 123  47  95  40  45 118  35 142  19  51   6   9],0.588666666667
[ 21  30  10  31  84  72  76  73 149  82 112  26  29 112  42 144 123  50  45   6],0.597333333333
[ 86 142  25  80 142  61  99 106 104  59  91  91  11  38 132 134 131 120  42 108],0.572
[ 72  49  10 115 149  16  83  50 110  20  94  10   3  88  98  86 111  84 111  62],0.560666666667
[ 28  29   2  29  88  81  85  34 128  90 101  92  42  89 106  53   0 140  41  60],0.567333333333
[  7  14   1   0   6  44  16  91  65  62  78  65 100 111  31 103 113  52  92 137],0.586666666667
[ 24   5  12   8 105  79  99  42 143  59 147  70 127  90  27 137 114  52 115  64],0.592666666667
[ 25  29  12 144   6  53  96 110  96  43  43   8   0  46  45 137 110  53  52  41],0.604
[  3  34   2 113  95  83  67 147 120  85  69 125  86  97 117  29  60 143  56  62],0.599333333333
[ 62  81   0   3  31  97  77  46 113 113 149  36 128 105  47 137 107  52  80 144],0.588666666667
[ 38  65 147  29  87  79 143  59  13  64  76  71  60 103  30 101 108 147 111  62],0.571333333333
[ 25  46  17  70  51 128  93  45 142 112 147  93   5  44  45  55 121 119   2   9],0.566666666667
[ 51 130  33  37  95  78  30  73 149  86  75  36  11 119  25 138  57 110   1  44],0.6
[ 39  18  95 106  17  56  66  83 117  64  27  43  89  45  92 144  64  42  43 142],0.589333333333
[105 129  90   5   8  80 143  57 141  59  73  26  28 121  42  59 109 114 115  12],0.595333333333
[  5 142  50  89  47 129  27  91 108  52  27  87  43 113  43  66 149  51  49 149],0.580666666667
[  7  11  18  93  55 127 140  45 128  91  43  89   0  44  48   8   3 127  91  58],0.587333333333
[ 42  32  25 116  95 126   0  50  65 112  46   2  35  91  51 144  58 149  95  64],0.604
[ 43 130  92 149  95 123  28  50  92 113  38   8   0  33  99  70   0 134  69 146],0.575333333333
[ 28  30 144   8 142 129  31  44 104 103  97  86  29  93 115 140  19 110  80  64],0.591333333333
[ 51 100  12  50  92  18 140  52  85  59  27  40 124  37  30 100  61  83  43 147],0.572
[  2 107  48  37  12 131  70  52 143  22 108  62   1 104  48  67  94 149   3  33],0.587333333333
[  8 145 145   2 101  29  30 121  55  22  31 118  43  25  31 137 136  61  57 146],0.576666666667
[ 86 144  22   6  50  25 146  73 107  88   3  41  55  92  96 102  60  56  52  60],0.592
[ 22  15   9  59 149 129  74  41  85  43 149  10  89 118  95  50 124 143  48  72],0.568
[ 64 107   0  77 109 112  21  46  66  62 145   7 127  37 130   8  42  54 122  74],0.596
[ 24 144  53 114  16  18  58  45 113  86  76  33  90  70  25  29  57  87  20  78],0.578
[ 14  30  87   9 142 127  86  34  46 110  87  40  58  90  23  51 117  85  46   9],0.585333333333
[ 22 132  30 133 135  43  31  52 104  50  41  40   1 113  24  50 106 140  56   7],0.593333333333
[ 57 149   1  31   7  77  79 123 143  43  41 128 100 130  97 102  96 132  56 149],0.602
[ 36  30  94 149 142  41  67  36  46  59  31  41   4  46  24 142  25 106 114 147],0.573333333333
[ 51 107 144  90  26  20 146  42  29  59 145   8   1  78  75  31  85  52   2 147],0.585333333333
[142  30   5  87  47 101 121  42  57  88 149 143 123 144  28 102  48  47  52   9],0.606
[ 36  34   9 109  57  84  77  73  13  59 114 124   0  35  52  52 128  42  61 146],0.59
[ 24 148   2 106   3   6  69 124  20  72  33  93 129 105  93 142 128  29 148 107],0.576
[ 59  20   2 126 135 148  80  42 110  60 134  26   8  96  98 102  60 116   3  67],0.585333333333
[ 26  35  56 104  17  80  30  57 123  59   3  85  89 116  27  29 106  52  59  70],0.530666666667
[100  94 141   5   4  75  31  41 144  59  97  37  55 118  42  63 110  54 147  64],0.589333333333
[ 22 128  90  50  96  58 142  52 104  50   3   7  28  37 115  72 108  85  43 145],0.589333333333
[ 42  97  10   8  95  46  30 142  38  53 112  63  57 133  21  72 103 116 105  78],0.578
[ 13  95   2  87 145   5 146  46 131  52 145  90  29  70  27 102 136  27  47 145],0.596
[ 25  19  14  67 135  23  61  31 133  53 149   7 127  25  49  29  48 149 109 149],0.567333333333
[ 62  35  10  31 143 127  67 127  65  88 145   7  59  92  47  31 127 148  55 145],0.585333333333
[ 25 106  56  88  88   5   0  38  23  54 102  26 126  44  22 142 149 132  93  65],0.596
[ 99 133   9 145  86   3 144  49  82  59  49  84 124 132  42  52  85 147  40 145],0.568666666667
[ 34 143  92  18  55  82  86  94  84  74 142  87  59 126  44 144  46 148 106  43],0.614
[ 52  98   1  59  11  45 149  52  29  76  95   8  16  88  75  56  31  61   1  24],0.597333333333
[ 62 144   3  26  92   0 146  50  12  53   3  86  46 108  23  53  48  56 113   6],0.583333333333
[103  33  45  64   3   5  88  50  20  89   0   1  38  33  98 139 120  86  47  32],0.616
[ 14 139  11   9 111 127  96  52  91  89 149  40 122  27  30 135  80 146  56   9],0.574
[ 14 126  14  58   5  74  97  94  65  45  29  98  16 114  23 107 144 123 105  70],0.585333333333
[ 39  29  20 145  47   5  30 142 143  48 112  61   2  34  21  72 149 116  40  60],0.592666666667
[ 42  97  45  90 143  80  18  46 130  52  49   7  29 133 116  64  46 146  92   9],0.596
[ 28  49  27 147  99  29 145  47 112  52  27  69 124  35  75  30  94  53  23 148],0.577333333333
[ 20  50   9   6 142 124  13  42 133 121  58  28  12  30  34   8 105 114  25 143],0.595333333333
[ 24 141   5  64  90  22  80  73 108  51 101  64   3 105  99  86  56  86  56 139],0.566
[104  31  16  96  14  99  24  52 123  88  30  83  98 105  29 137   3 149 147  10],0.554
[102 126  45  87  96  80  81  47  65 122  97  38 124  67 103  52 119 148 113 105],0.586666666667
[ 59  91   5  88  16  82  24  83 149 114  97  71  28 118  47  84 109  55   0 147],0.593333333333
[ 25  97  66  35  89  99  31  50 104  25  29  85  58  28  24 138  48 112  58  64],0.562666666667
[ 51  94  30  53  18  77  84 147 143  63  45  38   7  40 118  50 128  50  45  33],0.607333333333
[ 58 146  10  87 142 127  87  75 139  76  32  81  54 121  45 145  19  59 108  65],0.596
[ 21  35  93 106 107   1  85 114  91  42  40  81   1  37  47 147  47  54 146  59],0.617333333333
[  0 108  14  28  17 101   2  78 132  60  76  12   4 116  47 137  45 107  72   9],0.595333333333
[ 19  20 144  77  89  56 119  38 149  94  41  26  89  46 103  72  64  23 114 147],0.577333333333
[ 30 147  25  32  26  27  96  50 132  47  31  26   0  28  42 144 115 120 109  61],0.597333333333
[  8 101  14  77  55  20 143  50 149  44  42 118  89 101 101  52  48 149 114   9],0.596
[ 14 127  20   2 111  94   0  91  95  59  40  40 122  27 131  67  46 146  94   9],0.584666666667
[ 59 137  36  51  55 127  36 124  67  46  28  90  16   2  97  51   0  51  95  14],0.617333333333
[ 22 146  87 133 142  18  31  50 104  49   3 119  55  33  24  63 125  27  56   8],0.590666666667
[ 24  30  19  90 137 131 119  82  17  89   3 118   4 113 131 140 106  85  58   7],0.568
[ 21  52  65  77  90  78 101  40 149 106  97 125   3  35 113 145  83 134  77 144],0.574666666667
[ 36 144 120 133 108 124  31  52   9  89 147  29  55   0 130 106 142  49 115 147],0.583333333333
[ 75  16  31  32 100   5  74  54  46 121  27  37 124 130  94  29 111  58  69 147],0.574666666667
[ 20  17   9  53 149   5 118  47  28  72  76  84  59  44  30 142 123 147  50   6],0.578
[104  17  84 147 103  47  80  44  46  47 145 123 127 116  52  51 106  50 104  12],0.574666666667
[ 61   1   8  29  95 101  97  94  57  87  88 143   0 101  45  36 142 143 112  46],0.586
[ 27  32  12  90  88  20  97  44  82  46 144  40   5  96  37  33 110 114   3 106],0.572
[ 82  18  17  55 149 128  88  43  88  41  76  23  47  27  26  51  45 146 106  64],0.569333333333
[ 43  13  24 107  97 127  86 125 108 113  58  88 101 121 118 100  58 149  94 149],0.56
[ 13  99  31 116 111  60  81  51  65  87 107 123   0  25  25  53 104  53  70  18],0.587333333333
[ 26  19  21  12   8 101  97  52  28  51  39  82  59 118  23 102  86  84 108 146],0.564666666667
[ 98 131   5  53   0  80 118  41 104  48   0  39  35 113  99  72 111 147  66 108],0.605333333333
[ 60 131   0  88 148  20  68  30 104  72 142  90 128  34  94 101  94 149 147   7],0.574
[ 23  33  21  54 111  60  80  43  55  53  79  83  46 128 131 139 107  62   0  58],0.59
[ 26  43  45  54  98 102  68  75   3  91  39  61   0  88 100  11 111 148  58 147],0.604666666667
[ 25 134  65  34   3   1 120  50  65 106  92   3  63 118  25 109 111  50 146  43],0.574666666667
[ 58 131  10   4  12 131  94  94   5  89  71   4   4  34  27  66  59  29   0  58],0.6
[ 23  95  21  88 148  20  70  30 104  53 142  83 128  69  94 101  94  62  47  14],0.592666666667
[ 38  11 147 116  47   1  81  30 112  95 106   9  47  34 101 138 117  53  42 141],0.575333333333
[ 62 149  10   0 149  80  86  77 123  53  32  91  44  35  37 141 110  24  94  60],0.591333333333
[ 57 146 144   6  88   1 148  41 123  53  41 118  46 117  25 102 113  51  70  33],0.616666666667
[ 23  29  51  87  95 137  28  50 125  19  26  40   4 111  48  41 111  49  47   9],0.542
[ 37 149  10  29  49 149 140  47  82  44 145   9   2  90  50 132  96 148 114  66],0.576666666667
[143 144  29  64  16  61  25 124 124  90 147 119  55 112  98  66   6 148   1 147],0.595333333333
[ 57 134  12 114   4  41  97  36 145  71  46  12   7  36 103  67  60  51  68  70],0.572666666667
[ 99 100   0 114   8  77  78  51 123  61  44  92 101 132  34  87  45 149  59  64],0.579333333333
[ 64  34   6  86  95  79  77  47 147  86  49   7  55  24  93   4 136  55 112  47],0.565333333333
[ 57 143  23  89   3 129  36  50  62  90 149  36   0  32  46 113 120  64  77   6],0.590666666667
[ 20   1  31  92 105  44  30  75  46  50 145  82 124  34  98  29  19 126  47 138],0.581333333333
[ 59  60  45  29  87   5  81  50  47  52 145 112   1 107  27  84 140 147  46  62],0.602666666667
[ 41 144   2   2 111  24  78  79 141  49   3  92  38 118  39  27  81  56  47   8],0.566
[ 28 146   0   4 114  25  82  50 115  49  76  90  60  85  30  58 114 149 114 109],0.588
[ 53 144   2  87   1 127  78  79 130  88 149  89  99 118  94  58 108 149  77  65],0.591333333333
[ 82 149  17 115  52 125  27 133  82 113 149  92   0  34 100 142 144 147  40  44],0.580666666667
[ 36 100   0  63  95  41 140  94 128 112  61 125  46  92  38  29  60 148  43  62],0.603333333333
[  9 139  51 113  84  45 118  95  12  62  76  40   1  89  23 139  55  51  58 142],0.606666666667
[ 76  18  10  92  14  30  77  50  63 112  76  36 129 105  98 140  60 115   2 114],0.566666666667
[  3  93  20 126  95   5  23  30  79  59 129  93   7  29  46 140 136  58   2 142],0.584666666667
[ 23 146  17  80  88 124 118 106 149  90  30  26 126  95  52  72 123 132 115  60],0.594
[ 19 107  56 115 108  42 112  49 133 121  77  92 124  46  25 139 114  54  58   6],0.572666666667
[ 27 144   9 142   8  41  30  44 129  90 112  63  42 133  47  72 149 119  40  64],0.602666666667
[ 42 107 144  92 114  41 140 142 130  52  60 122  43 112  21  73 114  41   0  60],0.590666666667
[ 61 149  13  93 111  80  19  44  35 110  40  85 122 118  48 142 117 134  53  35],0.584666666667
[ 39 107  21  50 137   4  27  30  46 121  73 123  57 116  49   8  87  87  50   5],0.55
[ 82  37  18   6 144  44 148  26  65  53  38  92   0 107  52 114  54  86  55 148],0.592666666667
[ 23 107  89  53 108  79  31 121  76  90  41   9  54  43  42 103  31 132   2 148],0.568666666667
[ 84 139   1  29   6  77  96  71 121  83  44  23   0 144  51 106  62  57  40  44],0.613333333333
[  7 129   0  33 146 131 140  44 140  88 145  87  39 104  35 103  82 127  71 147],0.584
[ 51  35   0 101  29 130  87  91  72  47 105  83 125 127  94   8 124  59   3  59],0.606666666667
[ 41  91   7  59  97  60  90  45 104  48 149  89  12  69  48 103 112  22 146 148],0.589333333333
[ 64  15   6  87  95  79  74  50 147  62  76  90  89  32  47 102 125 134   3 145],0.586666666667
[ 32 139  69  75 142  17  35  52 107  19 114  12  46 112  42  69 141  55  55   9],0.590666666667
[142   5  23  90 149  57  30  50 130  59  37  40 101  86  23  52 119  60  56  13],0.569333333333
[ 13  37  10  72 140 127  30  52 123  45   5  39   0  90 100 139 107  24 147  75],0.603333333333
[ 50  98   2  31  52 145  39  52 123 138 139  85 128  88 118  53  81 117  42 149],0.55
[ 86 131  44 126  55 131 146  52 113 104  90  93 128  38  42  69  53 123 103   9],0.591333333333
[ 28  92  12  80   1  61 118  79 149  71 149  29  60  46 125  30 120  42  59   6],0.623333333333
[ 57 139  17  31  30 129  81 106 123 121  27  26 124 116  25 139  60  50  77  11],0.564
[ 22  15 144  63  89  60  25  49   5  86  38  81 131 105 118 109 111 148  61  65],0.578666666667
[ 62  49  23 145   1  43  34  51 115  74  25   7 104  91  22  34 113  54 108 149],0.614666666667
[ 59  17  45  90 105  35  25  73  14  50 136 122  42  45  47 143 144 137  76  60],0.574
[ 64   1  92  29  95  44  81  24  47  76 145 112   1  34  98  84  19 126  46  62],0.592
[102 144  10 107  87  61  81 113 114  44  94  93 126 132 118 102 132 148   0 145],0.582
[144 104 144 146 112  79  69  50 143  86   6  86   4 115  32 102  81  62  94 141],0.572
[ 22 126   0 116  92  18  13  41 128 112   0  22 128  38  48  69   0 136  43  76],0.589333333333
[ 51 144   9  70  95  43  77  46  15 111  27   7 127  66  22  29 113 148  80 146],0.588666666667
[  5  95   9  64  90 127  30 125  28  87   0  89 101  88  25  53 104 143  70  57],0.622666666667
[ 13  94  45  85   5  80  20 122  12  60  58  61 128 118  37 102  45 144 105 145],0.589333333333
[ 82  18  17  90   5 128  88  46 123  46  76   5 123 126  49  51 121 146  52 106],0.569333333333
[ 20  81  23 117 149   8  97  38  88  76  77  40   3  27  26  51  45 127 106  33],0.559333333333
[142 132   1 114  91  81 143  51 125  28  44  37  66 111  49 138 139 117 146   3],0.605333333333
[ 34 130  32  24  15  78  95  76  56 111 143  69  48 118  47 132 108 146 122   9],0.579333333333
[ 57 144 142  87  92 140  87 125 145  46  41  89   5 129 103  87  45 123 107  38],0.583333333333
[ 82  18  17  90 149 128  77  46  88 114  76  40  59  27  26  51 125 146 106 106],0.582
[ 30 101   0 114   8  60  32  78   7  58  45  39  19 132  37 114  52  86  69  59],0.604
[ 61 144  18  58  55 133 112  52  62 122 103  91  55 134  42  41 113 149  68 144],0.575333333333
[  8  40 144  18 148 101  83  45 104  49  76  10 121 144  24 106  63  52 103 140],0.591333333333
[ 24 107 146  77  89  27  61  30  57  63 146  36  89  74  22 103 126  50  52   6],0.594
[ 30 129   2   2 113 134  81  79  19  71 142  29  60 116 131  97 136  52  59  11],0.604
[ 27 136  12  31  30  61 141  41 123 102  27  10   4  35 125  30  60  42 121  63],0.576
[ 24  80   0  84   2 127 145  46  15   9 147 123 122  38  42 137 111 116   3 149],0.586666666667
[ 59  16  89  33  85  59  80  52 123  74  42  92 137 130  42 103 132  50   0 107],0.598666666667
[ 62  94   0   3  31  97  30  27 113  52  29  82 128 116 131 106 125 147 111  13],0.602666666667
[ 50  65 147  92 135  21  77  59 146  63 149  71 129 105  30 137 107 147  49 144],0.599333333333
[ 99 127  46  50   8  97 144  47  82  86  27  38   0  90  26   8 119  55 108 105],0.587333333333
[ 59 126 119  87  16  82  81  75 149 122  97  29 124  69 103  84  57 120 113  78],0.564
[ 42  98  20  64 148 105  88  50 110  63  32  86  89 112  94 103  81  51 114 145],0.575333333333
[102  95   0  53   8  61  77 107 104  48   0  81   0 118  22  53  56  27  52 139],0.604666666667
[ 61  13   3 116  20   5  81  51  63  88  76  71   1  40  30 144  31 147   2   6],0.611333333333
[ 66 143   5   4  89   9 116  43  14 110  38  12 127 114  47 139 119  64  47  66],0.566666666667
[ 24 101  10  72 142 127  30  52 130  59   5  43   0 108  23  52 107  60 147  75],0.591333333333
[ 13  37  25  67  95  79  65 127 123   5  95  36 127  90 103  72 139 130  92 108],0.566
[ 23 107  89  53 108  82  32 106 149 121  38  92 124  43  42 103  31 132  55 148],0.569333333333
[ 57  92  17  80   1 126 118 121  76  90 149  26   0  46  25 139 120  50  77   6],0.608666666667
[ 59 141 119  51  51 129  93  73 117 115   0  91 122  92  48  72 136 116  97 147],0.59
[ 82 137  20 130  13  83 116 124  57  50  83  29  17  96  22  72   0 148  47  70],0.584666666667
[ 64 108   6  93   5  79  80  41  63  48  46   1  19  32  94  58 125 131  47  71],0.621333333333
[ 75  34  17  87  95  65  83  50 147 112 147   9 125  92  47 100  52  55  52   3],0.560666666667
[ 57  14  10 114   6  22  28  27 133 106 149  37 119 118  42  68  54 132  92  62],0.571333333333
[ 49  43  92   8 147 129   0  51 104  59 149  40 126 128  26  69  54 149  47  32],0.584666666667
[ 34 146   4  77  53  74  74  47 138  57  75  85   6 105  96  20  60  54  56  79],0.604
[ 34  60  91  90 111 134  85  42  82  89  39   8  89  90  37 102 123 143   0   3],0.608666666667
[ 13  95  92  90  90  45 146  50  38 124 145  90  58  32  27 102  45  50 105  78],0.582
[ 77  52 144  77   8  21 148 130 143  93 112  39  46 128  31  87 119 148  93  44],0.586
[ 54 128  10  31   7 131  81  52 143  22  75  36   0  39  49  55  50 145   0  64],0.586
[141 149 119  29  55 137  96  28 128  90  94  90  13  44  94   9   3 127 149  44],0.581333333333
[102  29  65  91  84 124  87  52  13  88   6  83  29 118  51  99  81  85  77 142],0.576666666667
[ 39  15  66  23 114  83  67  47 130  49  58  27 122 121  97   8 104 149  50   8],0.580666666667
[ 19 100  66  77  17  30   0  50 149  63  29  89  98  96  27   8  64  23  70   7],0.605333333333
[ 53  91  51  35  88  99  30  50  87  51   0  39   0  28  24 139 125 143  57  33],0.598666666667
[ 25 104  10 149 111  45  35  94  12  57  41  88  55  46  27  29  61 106  56 145],0.56
[ 36 149  91 113 142  41  67 123  46  63 149  41   4  74  24 142  96 109 112 147],0.575333333333
[104  33  57   9  48 124  74  51 104  25   3  92 100 114 102  41  94  27  48  43],0.540666666667
[ 23 149   0  87  47  77  97  49 107  63   5  40 127   2  97   8  30  54  42 109],0.590666666667
[  5  34  33  54   6 112  97  51 149  50 142 122  10  74  50  92  94 135 108 108],0.576666666667
[ 27 143  13  88 137  22  29  75  45  59  27   7 124  73  26 104  52  52 105  74],0.562
[ 54  15   2   4  12  78  61  94  18  85  71  66   4 127  37 139  59 143 108 145],0.594666666667
[ 27 129  27   3   1 112  27  45   5 112  77 128 122 142  32  63 136 127  47  69],0.592
[ 27 128  90   5   8  60 143  51 142  59  27  40  22  36  92 144 111 114  43 108],0.59
[ 82 121  86  55 144  47 148  78 120  61  46   9   7 112  42  61  82  54 148  61],0.604666666667
[ 59  65   2  55  90  80  73  75  67  85  27  39  59  91  49  72  19  52 108  72],0.574
[ 50 147  10  69 142   1  97 122 104  49 111  92   6 121 104 138 113 146  91  62],0.591333333333
[ 57  14  92   8 143  22  74  27 104 106 149  37  55 118  42  68 123 137  69  32],0.594666666667
[ 82 100 143   0   6  79   0  52  87  50   5  93 126 112  24  66  54 132  92 108],0.6
[ 77 106  91  62   5  83  93 133   7  14  69  91   0 116  24 134  60 143  20 141],0.618666666667
[  3 101   0 145  92  16  23 115 123  53  31   8  49 116  98  41  51  62  47  79],0.59
[ 21  97 141  12 149 127 118 121  79  51  97  94   1 121  42 103 111  57 115 148],0.584
[ 26  19   5  80   8  80 116  41 104  72   0  39  35 113  23 102  95  84  66 108],0.590666666667
[ 98 131  12  53   1 101  17  34  28  62  39  92  59 118 103  72  86 147 105 146],0.592666666667
[ 21  19  21  55  15 127  97  52   9  48  44  82 123   2  99  32  32 149 108  42],0.562
[ 99  98   2  31  52 145  83  52 123 104 136  83   8  45  36  53  81 146 103  17],0.598666666667
[ 86  98  20 126  55 137  30  52 110  54  30  36  16  38  48  67 114 145 146 149],0.580666666667
[102 144   3 101   3  73  96  50  12  59 136  90  55  35  48  30  48 127  45  32],0.584
[103 101  27  64  20   5  88  50 133  89   0   1  35  33  96 139 139  86  47  72],0.619333333333
[ 57 147   1  31   7 130  96  46 144  90  30  90   1 118 118 141  25  24 114  64],0.588
[ 62  30  22  84 111  78  79  36 143  43  31 128 100 130  97 102  60 132  55 149],0.58
[ 36 149   0 147 137  41  84  43   0  22  41  81   0 104  50 144 132 149  20   3],0.589333333333
[ 64 141  91  90 142  81  67 123 123  58  41 118 123  46  48  87 145  87 104 147],0.611333333333
[ 23 137  51  53  26  44  28  42 120  60 114  40 100 111  48 102   0 126  92   9],0.587333333333
[ 39  29 119  87  55  72   0 124 149  19  41  90  44  96 103  72 121  52  95  11],0.59
[ 99  98   8   6  16  97 144  75  83  86  27  26  54  37  52   8  59 120 106 148],0.594
[ 55  94 144  34   7 112  21  44  66  86  58   7   7  33 131  29  29  54 122  74],0.594666666667
[ 82  68   0  55  88  97  73  76 130   9  75  39  19   2 105  70 117 149  56  62],0.591333333333
[ 30  14  33 101   2  38  86  50  64  72  66  92  46  99  48  50  94 129  64 147],0.597333333333
[ 65 100   5 116  94  20  93  75  63 113 149  19  61  91 113  66  19 111  46   1],0.580666666667
[  2 144   0  90 147  99 143  94  95  87  25 112   1  34  98  51 109 123 112  62],0.586
[ 50  49 144  90  13  60  25  50 120  88  76 142 123  32  30 109 111 116  52   9],0.616666666667
[ 62  15 144  63  89  27 149  51 115  74  38  81 102  91 118 144 144 145  61  63],0.584
[  5 129  50  48  47   2 140  91  12 102 142   7   4 130  25 137  54  51 121  58],0.569333333333
[  7 142   3  90 113 127 141  43 108  52  27  89  43 113  44  66 149  62  49  63],0.583333333333
[ 26  80   4  27 114  80  69 124  82  72  33  93 123 118  98  62 128  54 110 146],0.581333333333
[ 24  34   2 107  89 124  83  73  20  59 146 127 127  89  93 100 131  57  55 107],0.576
[ 53 144  85  77  55  23 137  74 128  61 104  85   4  88  22 139  21 134  94   7],0.578
[ 82 134  12  64   2  28 120  44  65  87  58   8  43  88  48  53 123  57 105  14],0.582
[ 36  97  12  59  95  75 143 139 145  71  28 130  60 120  50  70  29 148  95  74],0.582
[ 41 134  15  32 108   3  85  52 147  49  35  30 102  73  96  62  83 121 108 144],0.586
[ 34  68 119  92  51  83 148  78  88   9  41   9   0 107  93  36  54 116  92   1],0.588666666667
[ 82  37   0   6 144 127  66  41  68  74  95   7   5  92  26 143 134 149   2  60],0.594
[102 128  49   5  96  24  30  45   5 113 136  90   4 118  53 102  85  50  43 141],0.56
[ 23 144   0   4 111 125  82 109 116 111 145  86  43  85  30  27  19 141 114 109],0.612
[ 82 100 143  64  97  20 118  77  87  72   2  93   4 114  97  72   3  54  72 108],0.599333333333
[ 50  15  67   0 143  79  74  52 107  50   5 130  55 112  24  66 123 137  69 149],0.59
[ 26  80   4   4 137  80  83  73  82  59 146  89 127  89  98 131 131  86  49 102],0.58
[ 57 144  70  27  89  15  83  27 115  72  73 127   4 127 115  64 109  54 110 146],0.581333333333
[ 23 104  51  87 148 137  83  41 123  19  41  40   4 113  48 103 111  50  47   9],0.584666666667
[  8  29 146  77  95  27  28  30 104  63 146   8  89  74  22 102 126  51 103   6],0.574
[ 39 134   0  31 108  61  79  52 104  53  41  26  16  39  49  31 111 149 107  70],0.603333333333
[ 41  34  12  32   3   3  85  44 147  49  35  30  60  73  25  65  83 148 108 144],0.580666666667
[ 59  15  11  33 105 127  16  91  15  50 147 112  43  91  24 133 123  58  69   0],0.607333333333
[ 61   5 147  55  89  23  17 147  14  74  60  70  18  37  98  66 127 127  61 148],0.583333333333
[ 61  17   9  87 149  82  81  47  28  72  27  37  59  69  94  29 111  58 113 147],0.57
[ 75 126  45  53  16   5  74  53 149 122  97  38 124 130 103  84 119  55  49 105],0.582
[ 24   5   1   8   7  83  16  91  65  88 102  70 127  36  27 103 113 117 115  35],0.574
[ 25  97   0  50 105  79  81  91 132  62 147 129  55  90  47 131  58  52  94 137],0.603333333333
[ 58  35  15   9  29  61  97  91  88  89  98  82  40  68  39 105 124  54 108  14],0.522
[101  35   0  63 137  45 115  72  69  48 112  36   0  69  97  74  82 149 149  64],0.591333333333
[ 24   5  68 116  89  61 141 107  46  77 149  58   0 104  31  70  97 111  48  68],0.587333333333
[102  49  65  50 111 127  35  53 129  83  76  88 102 112  98  76 117 122  60  78],0.550666666667
[146  94 120 146 112  79  69  50  79  86   6  86   4 132  48   9 132  62 105 141],0.602666666667
[ 35 144 144   6  98  27  13 133 143  55  73  12  60 132  32 102 105 116  94  70],0.589333333333
[ 42  96  54 145 142   5  97  55 107  47   5  88  61 133  24  29 149  27 112 149],0.596666666667
[ 23 149   9  87  47  77  30  49 131  63  26  92 100   2  97  41  30 116  42 109],0.574666666667
[  3  66  51 113   6  27  67  93  12  47  58  91   0  89  38  30  60 123 148 149],0.578666666667
[ 77  33   0 126 111  60  99  46  55  82  76  89  48  90  91  67 135  48  80  72],0.592
[ 62  49 149  50  51  60  25  51 115  88 144  83  19  73 118 106 112 118  45  65],0.558
[ 63 143 147  55 144 136 140  41  45  85   3   7 102  91  26 104 111  90 108 108],0.58
[141 149  14  35 148  25  27  79 144 106  95  92   1  34  34 142 106  51 108  11],0.564
[ 82   7  63 115  52 125  80  54  82 113 149  40   4  73 100 134 144 149  77  44],0.585333333333
[ 62 137  36  51  55  94   0  49  76  59  40  90 122 103  97  67  60  51  95  56],0.582666666667
[ 36  15  17 126 145  19  31 124  67  89 142  85   1   2  97  53   0  48  47  14],0.598666666667
[ 27 132 144 126 137 121 146  50 129  59  38  36 124 103 103  28 131 147  51  72],0.565333333333
[ 50 142  91 125  47 126 141  47  88  72  27  39 125 107  22 102 132  53  47 107],0.573333333333
[ 52  18  14 115  90 101 149  42  64  88  27  91 124  96  44  53 113 134  52  32],0.58
[ 54 144  12  77  47  28 120 133  96  87  58   8  46  90  52 144  59 116  56  14],0.593333333333
[ 36  95   3 115  95  62 148  49 108  88  71   8 125 118  27 106  17  58  55  13],0.590666666667
[ 42 134   6  52  88 127  83  47  65  62 104  90  38 118  22  69 127  55   3   9],0.594666666667
[ 51  30  22   4   7  70   2 108  40  46  36  81 122  73  28  30 127  57  40  60],0.564666666667
[ 48  94   0   5 111  79   3  52  13  46  58  12  89 118  46   8  60 146  76 147],0.576666666667
[  0  34   0 125  95 127 140  75 123  58 146  32  39  91  93 106 131 117  94 107],0.594666666667
[ 50  51  92  90  55  45  61  50  12  76  49  81  28  91  96 102  53 143  64  60],0.572666666667
[ 51 107 148  67  16 131 116  75 108  89 146  23  60  35 101 106   0 126  70   7],0.595333333333
[ 53  17   0 130  30 127 138  30  88 114 147  43   0 113  24  52  64  54  49  60],0.581333333333
[ 62  15 145  63  89  60  25  51 103  74  43  86 104  91 118 109  84  86  61  65],0.57
[ 58  30 116  54 144   1  35  48 115   9  38  81   0  34  31  46 111 148 149   7],0.613333333333
[ 57  14  14 145 137   5   0  27 144  59  95  26 124 118  22  68 149 132  40 145],0.596666666667
[ 99 106   9  50  86  79 144  47  82 106  49   3  58  44  42  52   0 147  92  44],0.59
[ 50  94 142  86  95  61  77  73  78 113  49   3  35 105 100  70 113 149  69  11],0.572666666667
[  2  34  12 149  90  79  81  79  93  51  27  81 127  91  93   4 136  52  50  47],0.566666666667
[ 62  49 149  31  51  23  25  30  65  51 149   7 102  25  49  31 127  90  55 149],0.574666666667
[ 25  19  14  50 135  60  67  51 115  88 144  83 127  91 118 106 111 146  45  66],0.582666666667
[ 24 106  30  66 135 112 140  52 143  59  42 123  46  88  34  99  58 132  60 149],0.573333333333
[ 58 133 144  32 109   1  58  50  66  61 147  26  90 115  95  34  53 119  68  74],0.607333333333
[ 52  98  50 100  47 132  25 107 111  52 145  26 127  88  26  29 139  61  47  79],0.566666666667
[ 82 146  12 125  93 136  81 133 133 122   5   8  44  71  49  69  64 134  50  19],0.570666666667
[ 39 149   8   4  97 125 146  94 129  89 149   1  43 112  26  29  60  81  41 148],0.587333333333
[ 24 127   0  55  89  24  28  73  63  53  76  86  39  46  47  53  19  50  69  69],0.600666666667
[102 101   5  86 144  60  34  70  28  41  88  71   0 142  27 148 104 127  63  44],0.606
[ 85  91 144  35  55  44  27  51  86 114 117  70  55 112  34 106 121 134 110 108],0.571333333333
[ 75  94  20  90   8  40  85  44 110  43 101  14  55  73  27  41  60 139  61  58],0.579333333333
[ 72  46  33  90  11  41  78  88 143  22  58 123   3 118  98  53  82  24  46  64],0.572666666667
[ 28  97   0 112 135  24 118  73 120  59  58  98 128 127  98  30   3 121  47   5],0.580666666667
[ 82  51  12 130 141  83 141 107 118 138  39  87  17 118  34  72  85  51   0 149],0.590666666667
[ 35  94  20  30  98  27  13  52  79  52  78  12  60 132  48   9 105 116  92  70],0.57
[  7 141 120   6  95  83  58 133 143  59  73  65  46 111  22  72 121 116 105 104],0.572666666667
[ 76  33   0  37  51 121  33  42 149 103 147  40  11  44 100 143 121  52  58 109],0.574666666667
[ 51 130  33  71  24  78  31  73 142  86  78  36   1 118  25 138  57 110   2  44],0.594666666667
[ 35  81   1  92 145  20 143  44  77  89  98  85  55 105  49 101  85  53 112  56],0.595333333333
[ 36  81  17   8 142  19  33  52  86  90 149   7   1 118  97 140  60 121 102  56],0.602666666667
[ 23 107  54  50  95  20  16  50 143  55  80  26 100  88 111 142  87  30  47  35],0.582
[ 23 144 147  87  51  78  23  44  57 111  73  93  39 132  26  40  46 105  42 109],0.586
[ 24 143 143   0 111  79  86 123  55  47  27  40 127  90  38 103 108  52 148 137],0.6
[  3  33   0 113  96  60  67  94  65  71  58  91   0  89  22  30  60 123 112 147],0.602666666667
[ 86  30  25  31  51  72  86  73  30   9 147  20   1  90  25  86  58 146  97 108],0.609333333333
[ 27 141  23  50 142   1  99  73 104  79  91  91  29 112 132 133 131 117  42 147],0.590666666667
[ 25  95   2  85   5  16  32  94 132  47 147  39   2  88  51 102  82 143  56 147],0.561333333333
[108 139  45 113   8 124  30 125  56  43 145  19  21  66  24  85  59  51  92  64],0.568666666667
[  5  34   7  88 137  96 142  51 149  50  27 122  10  74  50 145 149 135 105  74],0.6
[  5 142  33  90  86 112  96  91  86  14 142  89  46 120  44  92  94  51   0  58],0.6
[ 50  33  38  93  90  97  77  77   0  85  92 125   4 131  52  67  83 147  54  49],0.612666666667
[ 62  34   2   4  14 131  30  73 103  55  40  90 127   2  97  28  59  51  56  14],0.562666666667
[ 25  60  22  50 134  43  74  48 120  46  38  81 128  46  45  69  57  53  40  13],0.584
[ 39 131  44 115  55  78  13  50 129  72  90  36  59  96  94 144  57  62  61  10],0.574666666667