[136 133  20 136  38 136],0.565333333333
[122  32  13  19  42  71],0.528
[ 34 130  42  23  54 136],0.601333333333
[ 42  60 136 100   9   2],0.598666666667
[ 53 123 138 136  58   8],0.597333333333
[139 131  32  20  26   2],0.600666666667
[145  61 135  20  22 135],0.592666666667
[ 30 140 113 137  38 136],0.562666666667
[148  32 136 112  44 140],0.553333333333
[139 135  40  80  83  37],0.594666666667
[  8 131  14 106  12   3],0.569333333333
[ 60  56 134 106   8   1],0.585333333333
[ 57 123 143  66  43   3],0.591333333333
[126   0 127 115 141 135],0.559333333333
[ 57  71 132 146  50   2],0.6
[148 132 110 142 147   0],0.59
[  8 135 138 112  17 130],0.571333333333
[140   0  35  82  56   0],0.603333333333
[ 49 135  35  98  13   0],0.583333333333
[136 127 136  13  45 147],0.550666666667
[ 53  33 142  25  22   3],0.591333333333
[147  60 136  21  55 135],0.586
[ 57 117  16 133  44   0],0.582666666667
[ 51  59  11  96  42 137],0.564666666667
[141   0  41   3  66 136],0.602
[ 62  59  34  82  36 137],0.571333333333
[ 44   0 121  11  42   1],0.603333333333
[ 29 130  16  81  50   1],0.608666666667
[52  5 13  0 57  4],0.592666666667
[ 46  61  35 112 147   0],0.606666666667
[ 48 119  20  68  52 135],0.584666666667
[ 63 136  22 113  47   0],0.616666666667
[149   0 144 106 149   1],0.584
[ 25 132 136   3  50 139],0.598666666667
[109  56  16 137  42   0],0.606666666667
[ 63  66 137 133   2   1],0.586
[ 53 131 139  65  43  92],0.570666666667
[139   0 139 105  43   5],0.613333333333
[137  59 111 116  51   3],0.550666666667
[ 24 119  22  13  10   3],0.508666666667
[ 79 131 122 103   8   0],0.614666666667
[141 135  11  15  45   3],0.583333333333
[ 27 139  20  24   1 140],0.586
[143  33  14  24  22   0],0.604666666667
[ 49 138 138 105   9 131],0.617333333333
[140  53 140  24  56   3],0.584666666667
[ 53  64  36 146  15   0],0.604666666667
[ 57  93  40 106  55 134],0.582666666667
[136 124 132 105  15 135],0.554666666667
[116  31  13  65  41   3],0.514666666667
[ 30   2 129 148  50   3],0.599333333333
[145 132   4   3  50   0],0.588666666667
[21 67  4  6 15  1],0.594666666667
[ 51  36 141  25 143 140],0.599333333333
[ 49 135 115  81  15   0],0.597333333333
[10  0 32  0 36 91],0.578
[121 130 139 145 141   3],0.565333333333
[ 34  90  14 103  84   2],0.555333333333
[ 13 130 139   0  43   4],0.601333333333
[ 47  67  39 113 124 134],0.582
[ 53   2  39 146 122 142],0.609333333333
[ 49  64  35 113  55   0],0.584666666667
[ 24  67 129 110  43   3],0.591333333333
[79 60 32 25 25  5],0.525333333333
[ 61 136  39 148  51 137],0.59
[139 137 136 115   2 134],0.554666666667
[80  0 32 88  8  0],0.608
[ 60 135 136  75 122 140],0.579333333333
[115 131  35  81   7 140],0.581333333333
[ 62  86 136 137 147   3],0.575333333333
[112 137  16  81  49   6],0.584666666667
[ 29 130   6  12  42   1],0.625333333333
[126 139  19  66  15   0],0.581333333333
[ 62  67 131 143   7   0],0.595333333333
[142 129 135  13 149   0],0.594666666667
[ 27 132  39  22  25 140],0.573333333333
[ 44  56 138   0  42   3],0.596
[142  64  32 115  83 135],0.588
[ 27  60   0  15 147   5],0.608
[ 35 135 138  75  52  91],0.574666666667
[109 131  76  22   7   0],0.598666666667
[ 49  26  39 139   2 140],0.577333333333
[ 31  58 132 104  52   3],0.591333333333
[ 79 138 144  81  66   3],0.572
[23  0 42 65 66  2],0.608
[121  36 115 110  22   1],0.598
[ 50  67 135 133   9   6],0.594
[ 53 133 142   0  53 143],0.606
[148 133  30  80  44   2],0.598
[ 28 131 144  80  44   0],0.598666666667
[ 60  72  16 135  28  37],0.572666666667
[145 132  30 103  22   1],0.576
[ 52 130 136  13 147 141],0.606666666667
[ 51  89  14 101  51 134],0.571333333333
[137 132  13   4  19 128],0.543333333333
[140 132 136  55 146   1],0.611333333333
[108  36 126 103  51   3],0.544666666667
[ 49   0  33 144  22   2],0.634666666667
[ 44   0 131 101  40   2],0.594
[ 54 130 136 116  25   3],0.594
[ 34 138 115 103  81   0],0.599333333333
[ 73 129  32 141  53 143],0.584666666667
[ 34 138  39  22  52 147],0.578666666667
[ 79 129  39  19  22   0],0.593333333333
[ 49 135  32 113  17   0],0.602666666667
[149 119 140  55  27  91],0.590666666667
[73  2 35 99  7  0],0.620666666667
[ 82 127  44  64  66   3],0.531333333333
[ 35 133  14 136 123 128],0.565333333333
[141  58 136  64  65   1],0.595333333333
[ 60 134 113  65  38   1],0.58
[ 30 140  42 138   7 135],0.59
[ 44 139 117  21  14   1],0.614666666667
[ 49 137  14  82  43   2],0.580666666667
[ 32   0 138  25  57 140],0.592
[ 49  67 129  15  35   0],0.574
[121   2 112  22 141   1],0.608
[121 132 117  25  66   5],0.574666666667
[ 81 119  22 113  47   1],0.607333333333
[ 48 130 144  27 149   0],0.584666666667
[ 28  36 115 137  51   2],0.583333333333
[108 130 126 103  22   2],0.568666666667
[122   2  33 112  84  37],0.587333333333
[ 32  57 132  68  37   0],0.576
[ 63  36   0 109 147   0],0.606
[141  31 116  27 143  37],0.584666666667
[ 57 132 129  97  50   5],0.583333333333
[ 27   0  35  85 143   3],0.605333333333
[ 30 132 115  97  50   5],0.590666666667
[10  0 35  0 51  3],0.616666666667
[140 137   6 105  49   6],0.600666666667
[112  72  74  12  28   1],0.588666666667
[142  70   3 103  22 128],0.56
[ 81   0 135  63  75   2],0.624666666667
[ 49  71 128 140 147   2],0.585333333333
[148   0 132 133  53   4],0.599333333333
[ 80  70 136   2  42   0],0.615333333333
[ 60 147 134  23  66   0],0.582
[ 63 134 135  67  19   3],0.576666666667
[130 134   6  64 123  37],0.579333333333
[ 49 137 141   7  43   1],0.618666666667
[ 61 135  14  82   9   1],0.589333333333
[ 60 133  16  24  36 134],0.58
[ 78  67  20   2 123   9],0.584
[ 41   4 117 142  25 140],0.551333333333
[ 44 139 136 144   9 134],0.584666666667
[148 128 144  24  21   0],0.593333333333
[ 79 144 135  15  45  37],0.588
[147  53 118  21 147   2],0.591333333333
[140  71 132 139  36   0],0.598
[ 81 133 134  80  66 134],0.617333333333
[ 60   2  32 136  27   8],0.601333333333
[121  97  13 101  55 140],0.584
[121   0   2  81  42   1],0.594666666667
[ 79 132  35 103  39   4],0.571333333333
[ 64 129 134 139  19  37],0.578666666667
[140  53  41  82   9 131],0.61
[ 62   0 138 105  36 137],0.585333333333
[ 44 132  40 139  21   3],0.565333333333
[143  86 142   2  51   2],0.583333333333
[137 132 136 104  19 128],0.564
[109 132 136   6  12  41],0.574666666667
[ 60 147 136 135  28   1],0.587333333333
[ 34  72  16 137   7   0],0.617333333333
[ 81 131 141 139   2   3],0.582
[ 49 131  39  81  42   0],0.580666666667
[ 53 132 144  65  45   3],0.592666666667
[139   2 117 112  44   0],0.594666666667
[ 78 132 131  54  44   3],0.602
[148  93 144 146 142   2],0.546
[141 147 141   0  44   0],0.572
[148  36  37 114  55  37],0.573333333333
[141 123 130 115  41   1],0.6
[116  64  16  65  55   3],0.540666666667
[ 36  38 135   3  49 140],0.578666666667
[ 79 133 141  25 146   4],0.562666666667
[128   2 119  62 147   1],0.589333333333
[ 24 132  76  21  22 132],0.56
[135 133 128  64  22   2],0.579333333333
[ 32  93  37 106  15   3],0.539333333333
[113   0 132 116   6 126],0.588666666667
[118  53 107 115  41   3],0.544666666667
[116 123  39  22  39 138],0.566666666667
[126 129  13 139  50   0],0.614666666667
[140   2  34  89  40   0],0.596
[ 49 146 137 146  27   3],0.59
[148  90 133 146 141   0],0.569333333333
[149 117 138 104  52   3],0.586666666667
[ 49 132 144  13  19 128],0.628
[137  30 136   6  19   0],0.596
[ 34   0 141 103  81   3],0.612
[ 25  90 139 103 141   0],0.563333333333
[121  56  16 137  22   3],0.577333333333
[147 132   2  81  49   3],0.604
[ 81 139  35 113  81   2],0.546666666667
[ 51  93 136 103  42   5],0.583333333333
[128 144 136  81  52   1],0.592
[ 34 130  13 137  15   0],0.6
[ 49 132   4  99  22 149],0.574
[ 25 136 140 135  27 136],0.552666666667
[110 139  14  66  67   0],0.585333333333
[126 126 131 105  15   3],0.571333333333
[51 58 45 81 15  2],0.566
[ 53 129 133 139  47   0],0.598666666667
[140  53 141 105 147 131],0.588666666667
[136  26 138  20   9 140],0.545333333333
[143 147  35 143  52 140],0.564666666667
[147 126 120  20  51  37],0.587333333333
[139  37  41 101  40   0],0.576666666667
[63 26  0 97 81  8],0.600666666667
[139  86  42 148  52   0],0.600666666667
[ 48 138 136 143   2 132],0.592
[ 73   0  32  64  46 128],0.567333333333
[27 61  4  3 45  1],0.604
[ 10 119   4 140  45 149],0.563333333333
[ 51   0  44  22 144 140],0.620666666667
[ 49 117  35 104  41   0],0.600666666667
[ 51  66  11  96  44 137],0.567333333333
[147   0  39  22  28 134],0.598666666667
[ 60   2 139 133  81  41],0.594
[ 44  26 132 142  40   1],0.602
[129 130 132 101  40 142],0.577333333333
[ 48 140  38 107  49   0],0.576
[145 130  33  22  81   0],0.598
[144 136 115 140  22   3],0.562
[109   4 121   3   9 135],0.577333333333
[ 47  67 139 139   7 141],0.558666666667
[ 56  67 136 137  36  34],0.574
[ 54   2 117  16  90   0],0.624
[139 129 120   0  87 142],0.578
[ 58 132  14  96  22   6],0.567333333333
[ 62  67 141 103   7 140],0.579333333333
[145 133  35  21  42   4],0.582666666667
[30  0 30 85 57  3],0.584666666667
[ 78 133  20 104 126   3],0.574666666667
[ 53 147  13  24 146 134],0.580666666667
[148  86  33 102  42   1],0.598666666667
[ 76 137 139 115 146   0],0.572666666667
[138  59 141 113  66 143],0.589333333333
[145 139 133 110  25   8],0.560666666667
[118   2   2  81  49 135],0.583333333333
[ 63 132   0   0   7   3],0.588
[ 44 133 138   0  42   3],0.589333333333
[ 29  64 128  64  22   3],0.544666666667
[ 25 138  20  81  50   2],0.585333333333
[140 132 136 106  68 139],0.554666666667
[ 10  71 136 103  19 128],0.579333333333
[ 60  23   0 139  20  37],0.618
[53  2 35 99  7  3],0.573333333333
[ 73 131  36  25  51 141],0.599333333333
[136 121 117 103  22  37],0.566666666667
[ 13 130  35 143  22 140],0.602666666667
[ 51   2   6 140  19  71],0.578
[ 27 135 135  75   7   3],0.596666666667
[ 54   0 129  20  44   1],0.592
[143 119  35 112  17 130],0.599333333333
[110  70  29 115  54  82],0.515333333333
[145 130 132  23  36   0],0.583333333333
[ 52 132   0   6 149 142],0.6
[137 127 138 140  19   1],0.573333333333
[49 26  0 81 23  4],0.608
[ 49 135  32  15  15   0],0.599333333333
[ 34 132 132 110  52   2],0.599333333333
[143 131  40   2  21 125],0.604
[145   0  46  59 147 134],0.613333333333
[32 58  4 81  7  3],0.544666666667
[ 51 133 133 137  83 141],0.603333333333
[ 76 135 139  97  24   4],0.578
[53  0 38 65 43 37],0.61
[ 53 135 139  57  17  92],0.588666666667
[ 34 135   0 136 143   0],0.613333333333
[ 24 132  13 104  36 140],0.588
[122 129  14  64  22   0],0.586
[ 31  67 122 145   8 139],0.590666666667
[ 52  71  35 148   8   1],0.612666666667
[ 26 133 132  15  27   3],0.562666666667
[ 34 132  39 141  82   0],0.596
[ 55 135 134   2  54   5],0.582
[ 28 130  19  26  22   1],0.582666666667
[ 51 130 115 136  27   2],0.597333333333
[117 130  11   2  22 134],0.57
[ 10 127 117 143  54 140],0.594666666667
[144 139  39  68  22   0],0.592
[ 10 136 121   3  84   3],0.572
[ 80  37  32  64   8 140],0.583333333333
[ 60   0 137  78  25   0],0.621333333333
[ 36 117  11  96 146 140],0.57
[ 51  38 141   3  44 140],0.577333333333
[ 79 131 129  99  52   3],0.598666666667
[62  2 35 81 17  3],0.578666666667
[146  26  20 106  39 142],0.572
[ 44  56 132 101  40   3],0.586666666667
[ 79  72  42 133  28   1],0.606
[140 133  74 105  52 142],0.587333333333
[142 127 134  80  66   0],0.609333333333
[ 44  56  32 115  80 135],0.594
[ 82 133 132  15   8   1],0.582
[ 52   2 137  19  15   2],0.59
[148 137 139 143  80 140],0.581333333333
[ 10 131 136 118 146   1],0.573333333333
[139 135   6 103  81   3],0.594
[ 49 130 142   0  49   1],0.603333333333
[137 132  14 140  42 130],0.596
[ 31  58 138 105  39   9],0.585333333333
[ 21  60 138  65 143  71],0.553333333333
[ 54  37 110 110  22   2],0.556
[137 139  95   6  58 135],0.606
[ 49 132 138  85  19   1],0.606666666667
[ 55  65 135 105  49   0],0.602
[ 41   0  33 144   7   0],0.598666666667
[ 60 123 142 100  15  41],0.565333333333
[54 67  3 13 75 37],0.540666666667
[148 129  41 113  48   2],0.597333333333
[148 139 136  26  45   0],0.588
[122 127 140  46  22   6],0.580666666667
[ 49 119 114 105  53   2],0.578666666667
[139  72  13 105   7 145],0.578
[147 129  76   0  50   0],0.598666666667
[ 79  60 136  65  54   5],0.586666666667
[109 133  35 136  43   2],0.564666666667
[133 129 128 105 141   0],0.568666666667
[ 41  66  20 105  53   3],0.525333333333
[ 34  56  40 100  56   2],0.565333333333
[144   5 135 105 146   3],0.554
[ 57 123  11   2  47   3],0.588666666667
[148   2 141  82  52 139],0.596666666667
[ 54 130 136 104  22   2],0.6
[109 132 135 101  50   2],0.6
[148 132 135 143  50 136],0.588
[137 135  14  82 149   2],0.582
[ 82 132   6  67  22 136],0.58
[44 37 11 81 19 41],0.508666666667
[ 23  36 142 110  66   2],0.598666666667
[ 54 144  42   0  49   3],0.619333333333
[ 34 130   4  15  17 135],0.595333333333
[140 130 136   0   7  82],0.620666666667
[ 63  56  20  65   8 135],0.579333333333
[  8 136 134 106  52   3],0.587333333333
[79 71 39 81  7  0],0.608666666667
[149  60  40 104 149   0],0.616
[147 130  16 104  37  73],0.567333333333
[108  56 136 137  22   3],0.6
[ 73 129  32  22  81 140],0.578666666667
[147   2  39 103  81  41],0.578
[139 137 136 148   2   2],0.556666666667
[ 30 134 139   3  17 136],0.568
[ 29  37 113 105  53   3],0.53
[ 34  67 128 101  66   0],0.595333333333
[ 44 132 117 142  25   2],0.594
[148 139  14  82 149 134],0.606
[130 131 138 105  19 135],0.569333333333
[139  33 139  18  26   8],0.584666666667
[144   2  38   0  22 147],0.613333333333
[ 80   0  16  21 149   3],0.588
[ 49 129 136 115  36   2],0.562666666667
[148 132   3 139 147  37],0.568666666667
[148   0 135  81 143   3],0.592666666667
[109   0  35  20  28  71],0.585333333333
[148  60 128 133  53   4],0.574666666667
[ 49   0  97  15 147   3],0.623333333333
[ 47 132 136 146  22   0],0.615333333333
[ 57 126 110  81  50   0],0.620666666667
[ 62 136  20  65   8 135],0.579333333333
[ 63 131 137  81  52   0],0.619333333333
[ 53  86 142  25  51 132],0.598666666667
[ 44  60 142 136  22   3],0.596666666667
[ 54   2  42  65   7 142],0.592
[ 60 134 117  16  90   1],0.599333333333
[117  67  15   3  24   0],0.575333333333
[ 62   5 129 102   7   2],0.583333333333
[ 62  36 139 100  51   5],0.582
[ 51 131 131 139  51   0],0.587333333333
[ 81   1 136  80  17   1],0.584
[ 44 127 134  22  66   0],0.594666666667
[ 62   1  23 142   1 137],0.607333333333
[ 79  32  41  82  36 134],0.606
[ 63 147  35 136  51   6],0.585333333333
[ 50 136  13 103  39 138],0.598666666667
[ 51 130   0  13  16 137],0.594666666667
[ 60 142 136  23 147   0],0.601333333333
[ 32  58 129  20  19  82],0.548
[ 29 134  17  64  19   3],0.591333333333
[121   2 132 139  66   0],0.604
[ 27  64 117  22  44   5],0.526666666667
[ 60   0  39  65 121  40],0.619333333333
[ 79 134  35   2  15   0],0.611333333333
[ 49 144  32 145  19   0],0.613333333333
[ 79 132 141 143   2   6],0.604666666667
[ 60 147 134   3 122   1],0.588666666667
[32  2 22  0 66  0],0.588666666667
[139  36  42   0  66   2],0.611333333333
[ 23 129 117 110  87   0],0.573333333333
[ 51 131 141  13  42   0],0.594666666667
[ 49 138 141  24  56   3],0.579333333333
[ 75   0 127  66 141 135],0.593333333333
[126 134  14 140   7   2],0.576666666667
[ 57 129 131  66  15   3],0.578666666667
[126 139   0 133   7   3],0.606
[140 123 129  84  15   3],0.563333333333
[121 135 129  80  39   2],0.578666666667
[ 27 133 136  64  44   0],0.596
[ 79  56  42  80 146  71],0.588666666667
[148 137 139  82 146   1],0.579333333333
[108 133  39 115  52   5],0.593333333333
[ 53 133 144  82  39   0],0.592
[ 79 133  39  25  55   4],0.587333333333
[ 62 139 117 144   7 134],0.591333333333
[ 46 138  20 145  25   0],0.602
[ 30 131  35  81  57   3],0.587333333333
[ 79   0 129  85  52   4],0.581333333333
[148 132  13  26  48   2],0.613333333333
[126 139 136  16   7   2],0.571333333333
[141 135 122  15   8 140],0.546
[148  26 136 103  19   3],0.563333333333
[136   0  13 142  19   0],0.588
[148  60 142  15  14 135],0.580666666667
[148   0 115 113  55   3],0.582
[ 47 129  41  23  45   0],0.590666666667
[ 24 135 138 104  17 135],0.546666666667
[ 81  32 136  62 148 137],0.602666666667
[ 51 130  35  25  15   0],0.602666666667
[109   0  15  20 143   3],0.591333333333
[115 138  13 102  39 134],0.583333333333
[ 47  54 128 114  19   0],0.596
[ 30 129  42 100  54 142],0.577333333333
[ 34  60 136 105   7   2],0.604666666667
[ 45  86  42 143  36   9],0.587333333333
[60 67 16  0 52  0],0.582
[148 133  30 133  44   0],0.594666666667
[ 81 133  13  80 149   0],0.587333333333
[32 57 33 22 39  0],0.609333333333
[121   2 117 112  66   5],0.58
[ 79  58 144 109  66   6],0.600666666667
[79 67 26 81 68  0],0.612
[ 81 134  14 133  52   3],0.588
[ 31 138 132 104 149   3],0.575333333333
[139  71  35 148  27   0],0.584
[26  0 39  0  5  3],0.594666666667
[ 79 133 135  15  49  11],0.634
[139   0 126  25 141   4],0.602
[ 63   1 136  64  48   8],0.617333333333
[ 35  58 136 138  65 128],0.57
[141   0 139  20  81 147],0.6
[135  95 133   0  25 134],0.563333333333
[ 62  72  39 142  46 135],0.561333333333
[ 51  67 143   3  50 149],0.569333333333
[122  26 141 145   8 139],0.569333333333
[136 130  14  20 147 140],0.559333333333
[ 80   0   4 105  12   0],0.587333333333
[ 51   0   4  23 119 145],0.620666666667
[121 131 117 110   7   0],0.585333333333
[ 34 129 132 105  52 125],0.559333333333
[49  0  6 75  8  5],0.615333333333
[ 63 126 117 107  80   2],0.576666666667
[ 61 134 132  81   7   4],0.576666666667
[ 28 133 139 104  46 137],0.567333333333
[ 79 132 135  25  49 134],0.621333333333
[109   0 135  22  55   4],0.624
[ 51 131  13 143  80 128],0.603333333333
[ 47 136 140 137  41 140],0.571333333333
[ 51 131  44  82  39   1],0.584
[ 79 133 144 136   7   0],0.618
[ 55 138  35 105  52   8],0.598
[ 49 134  32 112  52   1],0.604
[ 35 129 136  82  81   4],0.549333333333
[ 35   0  45 145  54   0],0.602666666667
[ 81 136  39  23  51 128],0.576
[ 61 136  35 115  39 137],0.573333333333
[ 79  71 132 104   7   0],0.610666666667
[ 31 139  40  81 146   0],0.597333333333
[128 135 136  52  50 136],0.578
[137 137 135 143 146 138],0.565333333333
[113 129 115 117  52   4],0.560666666667
[ 45   1  42 105   8   2],0.618666666667
[ 51 139 117  21  14   2],0.578666666667
[ 44 130  19  26  27   1],0.602666666667
[ 10 135   4 139  39 138],0.56
[ 51 138 117 142   7   0],0.633333333333
[115 135 136 139   8 134],0.544
[109 131  34 137   7 140],0.592
[141 135 136 103   8   3],0.548
[ 47 130 122 113 124   1],0.590666666667
[ 30   0 110  80  28 134],0.603333333333
[ 60 132 139 133  50 134],0.584666666667
[ 55   0  13 139  66 128],0.597333333333
[ 59  63  33 144 124   3],0.586
[140  86   0 105   8 126],0.596
[ 27  60 135  81 142 128],0.596
[ 10 137  39  68  84   0],0.589333333333
[ 63 139  20  65  52 135],0.584
[ 51 138  39 136   7   8],0.602
[ 32 133 129 137  25   4],0.595333333333
[143 147 140 116  81 140],0.580666666667
[109  59  35 143  51 142],0.588666666667
[ 50  70  39 106  42 128],0.52
[ 28 137  26  81   7   2],0.578
[ 60  66 135  86 122   2],0.562666666667
[139  35  14  21  26   1],0.608666666667
[ 79 135  16 133  48   0],0.61
[136   1 144 138  27   2],0.593333333333
[ 42 119  39 137 119   1],0.588666666667
[ 73 138 129 100  51   0],0.591333333333
[ 49 142  41   0  22 137],0.610666666667
[137  58 113 115  26   6],0.58
[ 50 142 117  81  25  82],0.589333333333
[121   0 139  82  42 132],0.593333333333
[ 52 131 128  64  53   1],0.580666666667
[ 49   0 144 133  27   4],0.616666666667
[142 134  34   3  66 139],0.584666666667
[ 75  59  14 140   7   2],0.582666666667
[ 31 132   6  67  19  41],0.586666666667
[ 82 132  14  82 141 132],0.598666666667
[ 53   0 138  80  17  37],0.614666666667
[ 51 135  38  57  19   0],0.621333333333
[ 31 138  35 104  22  37],0.583333333333
[136 118 132 103  51   3],0.561333333333
[ 32 132 136  84   7   3],0.590666666667
[ 81 134  42   0   8   5],0.597333333333
[140  60  35 105 142   5],0.574
[ 79  60 135  65  43 128],0.601333333333
[ 61  58 140  55  19 135],0.586
[ 60  26 117  13  15 135],0.568
[ 73   2  39 139   7   4],0.574666666667
[ 49 131 113  99   2   0],0.606666666667
[148 132  38  22  36  37],0.55
[ 48 130 136 114  81   0],0.594
[ 81 132  32  97 147   3],0.564
[30 60 35 89 50  3],0.533333333333
[143  58 143  49  42   4],0.580666666667
[ 79 131 144  81  66 149],0.597333333333
[109 131 135  65  55  92],0.581333333333
[115   0 115  22  43 134],0.587333333333
[ 27  60 137 101  37  37],0.570666666667
[ 50   0  34 103  16  37],0.614666666667
[ 73  64  35 137  42   2],0.580666666667
[136 130  32   0  46 128],0.592666666667
[60 67 26 62 36  0],0.592
[24 35 16  0 12  9],0.600666666667
[ 61  59 136 103  51   3],0.566666666667
[ 55 135 117 147   7   0],0.602666666667
[ 80   0 142 103  84 142],0.572666666667
[ 79 130 117  65  22   0],0.606666666667
[ 34  90 139 103  22   3],0.6
[ 29 133 128  64 141   3],0.572
[147 139  39 105  26  41],0.582
[ 29   2  20  22  81 140],0.567333333333
[ 48 147 134 113  66   0],0.59
[ 60 119  22   2  47   0],0.617333333333
[ 49 132 139 142  51 128],0.582666666667
[136   4 112 148  50   2],0.586
[ 81 135 138   3 149 135],0.558666666667
[149   0 144 104 149   1],0.580666666667
[49 60 39 19 50  2],0.556
[147  36  16 135  52 140],0.589333333333
[ 40   0 136 145  53   0],0.592
[ 35 129  20 105  54   0],0.600666666667
[ 83  71 136   2  52   3],0.570666666667
[ 57 123 141 139  15   3],0.576
[ 25 130 133  21  22   3],0.559333333333
[ 49 135 140  99  54 134],0.559333333333
[ 49 128 121 144  35  10],0.586666666667
[ 31 130  22  22  44   1],0.597333333333
[ 62  86  35  81 147   2],0.601333333333
[ 50 139  26  81  42   3],0.572
[ 61 126 119  20  52  37],0.532
[147 135 141   7   9   3],0.552
[141 147  20  19  44  37],0.583333333333
[136  32 139 114  42 135],0.57
[ 49  37 142 106  66   4],0.560666666667
[ 29 129 128  82  81   3],0.563333333333
[ 24 119  33  13  39   0],0.587333333333
[ 32  57  22 112  51   3],0.544
[ 30 132 136 103   4   0],0.594666666667
[140  53 118  21  36 142],0.6
[ 41 133 138 105  22 140],0.57
[ 51 128   4  25   7 140],0.576666666667
[ 24  69   4  59 147 134],0.562
[145  58   0  82  22 135],0.588666666667
[ 10 133 136 140   7   5],0.564
[ 32 135 117 139  39 138],0.571333333333
[ 49  64 113 115  22 137],0.554666666667
[ 57 142  13 139 124 128],0.572666666667
[139 130  14 145  84  37],0.586
[122   1  20  27  51   2],0.617333333333
[139  64 132  83  57 137],0.584666666667
[ 28 134  35  21  46   3],0.608
[136 138 136 109  49   0],0.577333333333
[ 80 149   0  26   7   0],0.598666666667
[ 50   0  33 107  51  37],0.592666666667
[ 24  60  34 103  37   1],0.576666666667
[ 53 133  16 145  50   6],0.598666666667
[133  36 142 135  55   4],0.582
[ 54  67 139  96  25   0],0.579333333333
[ 60 138 141  80  35   6],0.596
[121 135 129  84  36   2],0.573333333333
[117   0  41 113  39   1],0.598
[ 26 132  32 148  17   3],0.602666666667
[49 71 35 21 27  2],0.568
[ 49   0 140   0  22 136],0.599333333333
[147 132 136  99  36 140],0.555333333333
[137  67 137  81  37   0],0.607333333333
[49 65 35  3 45  0],0.61
[ 50 126 135  81  43 133],0.628
[148  67 135   0  53   6],0.598
[144 136 107 116  22   3],0.560666666667
[118   0 121   3   6   0],0.582666666667
[137 147 135  83  47   0],0.614666666667
[ 51 132 138   6   7 132],0.620666666667
[ 51  70 136 138  17   3],0.596
[51 38 35 85 15  0],0.597333333333
[47  0 32 25 21  3],0.601333333333
[143  67 115  23  55   4],0.577333333333
[141 132 120 115  52  82],0.602
[147 126 140  20  17  37],0.579333333333
[ 49 133  35 112  52   1],0.579333333333
[141 138  14 136 123   1],0.581333333333
[148 129  35  81  81   3],0.548666666667
[147 135  40  80  83  37],0.588666666667
[ 32  57 129 110  19   0],0.589333333333
[128 131 142  64  42   3],0.587333333333
[108  36   0  27  51  39],0.608666666667
[141  36 119 103 147   0],0.576666666667
[ 31  35 135  21  28 132],0.584666666667
[139  37 133  83  50   2],0.594
[ 49 149  13   3  50   0],0.614
[ 53 136   4 104 146   3],0.588666666667
[ 79 126 142  20 119   3],0.571333333333
[ 79  32  23 142   1 134],0.636
[ 50  59 129 108  24   8],0.578666666667
[ 32 138  95 136  66   0],0.606
[ 79  71 144  81   7   0],0.628666666667
[54 36 40 80 44  1],0.612
[141  58 139  22  17   0],0.604
[ 53 143 137  19   7   0],0.610666666667
[121 131   0 100  22   1],0.59
[ 53  63  22 141  51   2],0.582
[122   2   0  68  84   0],0.594666666667
[136  86 132 116  51  37],0.58
[137 133 136 105   7 136],0.576666666667
[ 32 139 129 140   7   5],0.571333333333
[ 60 135  39 136 122  40],0.569333333333
[ 34 134  13   2 143   0],0.624666666667
[ 27 134 139  82  12   0],0.594666666667
[121 142 133  82  42  82],0.575333333333
[ 50 132 139 136  42   4],0.578
[ 51 135  16  49  24   1],0.592
[133  66 128  64 141   3],0.564
[143   1   3 105  45   1],0.587333333333
[31 64  0 19  7  6],0.61
[ 83 139 135 139 143 138],0.547333333333
[148  67  15   6  20   0],0.594666666667
[137  93 138  54  42   0],0.598666666667
[ 60  54 135 114  39   0],0.61
[ 47 141  13  22  40   0],0.596666666667
[ 10 131 136  20  52 140],0.601333333333
[144 126 120 143  80  37],0.578
[ 81 131 136  81  42  41],0.574
[ 82 133 141  89  19   3],0.564666666667
[ 60  64 138  82  51   0],0.6
[ 53  67  34 113   7 125],0.530666666667
[ 53  70  33  81  42 128],0.519333333333
[ 28 132  39 106   7   3],0.572
[109   0  35 113  47   3],0.603333333333
[ 48 119  22  21 143   0],0.623333333333
[50  1 26 16 43  3],0.604666666667
[139 139  39  81  42   2],0.562666666667
[137 123 112  46  43   3],0.561333333333
[136   1  39  16  43   4],0.6
[ 49 133  13   0 147   5],0.605333333333
[122 133 126  64  40   0],0.608666666667
[140  64 139  64   7 133],0.592666666667
[34  2 23 23 15 41],0.580666666667
[ 79 133 136  21  49   3],0.6
[ 79  60  32 140  17   5],0.582666666667
[ 63 129  38  22  22 147],0.569333333333
[ 79 126   6  75   8   5],0.538666666667
[115 135 136 148   6  10],0.537333333333
[138 137 126 103   3 134],0.581333333333
[141  26  27 101  46   0],0.604
[ 24   2  32 139 122   8],0.581333333333
[ 79  67 144  82  39  34],0.599333333333
[145 133 131 103  34   0],0.582666666667
[143  93  20  54  20 140],0.596
[ 78 139 137  25  22   0],0.602666666667
[ 35   0   2 134  66   0],0.613333333333
[ 75 135  39  89  84   0],0.592
[ 78 133  75  24  28   1],0.604
[140  72  20 105 123 134],0.564
[ 79 132 136 139  81 134],0.610666666667
[141   0 139   0  39   4],0.599333333333
[ 50  32 133  24 139   0],0.592
[148 144 144  20  21   2],0.592
[ 62 126  39  15  22 140],0.582666666667
[124 132  14 103   7 140],0.561333333333
[109   1 136  22  17   3],0.578
[ 81   0  35  20 143   1],0.610666666667
[121 130  40  81  42   2],0.578666666667
[133  72  16 133  51   2],0.607333333333
[109 134  14 136   7   2],0.592666666667
[ 75 133 136 140  54   2],0.574
[ 31 130 115 136 141   2],0.583333333333
[ 28 132  14  82  22 135],0.590666666667
[ 24  67 129  25  66   3],0.547333333333
[ 55   0  33 144  25   3],0.622
[135   0  37  16  90 144],0.590666666667
[ 54  58 117  81  66   1],0.602
[121 132 133  23  49   5],0.593333333333
[ 80 133  26  97  44   3],0.572
[140 138 135  26  50   1],0.6
[109 132 139 104  22   2],0.58
[ 51 132  39  15  53 137],0.594666666667
[ 49 131  32  27 122   2],0.594666666667
[79 62 33  0 54  0],0.603333333333
[ 63  86   4 142   7   0],0.6
[ 49   2  34  21 122   0],0.618
[ 79 135  34  21  17   3],0.592666666667
[ 54 135  17 103   7   1],0.6
[ 10 131 117 139  39 138],0.592666666667
[ 42 131  39 139   2   0],0.589333333333
[ 49 130 128  80   7 136],0.604
[ 34 135 139  82  51  82],0.589333333333
[ 61   0 139 142  56   2],0.627333333333
[148  60  97  15  14   3],0.56
[136  60  13  15 147   0],0.595333333333
[ 52  61  35 112  57 138],0.575333333333
[ 60  64 136  16 124   4],0.573333333333
[ 79  60 139  65  43   5],0.587333333333
[141 136  35  26  48   0],0.611333333333
[139 136 134 133  43   0],0.618666666667
[ 51 136 144 137  38   4],0.591333333333
[ 51  64  35 105  17   0],0.590666666667
[ 31 138 110 113  22   3],0.571333333333
[ 61 135 141 113  56   2],0.573333333333
[138  59 139  82  25   8],0.587333333333
[148 129 126 102  81   2],0.58
[ 47 133  33   0  40   5],0.6
[ 34 126 113 101  58   0],0.612666666667
[141  26  27  23 122   8],0.549333333333
[ 52  51 118  21  36   0],0.61
[140 133 132  15   8   1],0.586666666667
[ 24 131 115  15  42   3],0.558666666667
[140 119  22  13  51   1],0.612666666667
[27 26  0 15 23  3],0.572666666667
[49  0 46  3  3  1],0.618
[139 139 136 110  66 143],0.564
[145 129 143  18  66 137],0.582
[ 63 129   4 105  54 145],0.609333333333
[147  35  13   0  50   2],0.601333333333
[ 27  66   0  81   8 126],0.588666666667
[ 60  86  14  86 121   1],0.604666666667
[140 130 136  26  22 136],0.552
[ 42 138 139  23   7   1],0.602
[135  64  13 139 124   1],0.586
[ 57  58  37  82  66 128],0.507333333333
[ 41 135  20 105   7   0],0.586
[ 61 129 138 105  53   1],0.614
[ 61 134  39 133  51   0],0.612
[ 81 136  14 115 149 137],0.572
[ 29  93  33 103  64   3],0.541333333333
[108  37 128 105  51   3],0.545333333333
[ 63 123  32  67  58  37],0.502
[ 53 129   6 136 122   2],0.597333333333
[121 106 110  81  42   0],0.578
[ 51  58 133 137  47   0],0.61
[143 131  30 103  42  37],0.562
[145 132 143  49  22 149],0.612666666667
[ 47 136 134 143  39   0],0.605333333333
[139 131  13 133  80 140],0.58
[ 49   0 142 105   8   3],0.625333333333
[ 80 139  32  78 142 139],0.582666666667
[ 79 133  35   0  41   1],0.602666666667
[ 27  64  42  52  42 126],0.521333333333
[140 130 136 112   7 136],0.581333333333
[ 42   0  35  23  17 130],0.608666666667
[140 131 115  54  19 140],0.598
[ 34  64 139 103  19  82],0.604
[ 63  26   0 101  40   8],0.594666666667
[139   1 136 137  48   8],0.607333333333
[ 79 137 114  25  44 140],0.575333333333
[120 130 141  82  58   1],0.6
[25 70  3 63 75 82],0.524666666667
[ 81  59 132  64  22   2],0.578666666667
[140 138  39  26  22   0],0.583333333333
[ 10 139 142  68  84   1],0.598666666667
[ 62 127   3  15  25   1],0.600666666667
[ 60 130 135  67   8   0],0.593333333333
[ 49 135  41  55  17 137],0.572666666667
[62  0 32 82 36 91],0.601333333333
[144 128 133  64   4 140],0.575333333333
[ 54   1  36  65  54 139],0.61
[ 60  64 134   2   8   0],0.608
[ 62 147 136 105  63   0],0.58
[ 49 133 135 103  15 126],0.596
[ 79 135   6  19  81   1],0.611333333333
[ 60  37 117 105  15 138],0.574
[ 29  58 128  13  66   3],0.528666666667
[130  67 139  24  19  71],0.566
[122  33  13 105  58 135],0.586
[121 132 139  22 141  11],0.567333333333
[  9   2 112  25  45   3],0.591333333333
[ 54 136  14 113   9 135],0.589333333333
[ 23  36 144  80  44   1],0.610666666667
[ 31 147 129  80   9   0],0.608666666667
[ 49  67 136  25  35   0],0.582
[145   1 128  64 141 140],0.574666666667
[133  66  36 105   4   3],0.592
[142 135  39  16  43 140],0.562
[124 129 136  55  22 143],0.583333333333
[ 53 132 130  12  45   0],0.609333333333
[ 52 133 144  66   8   1],0.617333333333
[ 61 133   4 135   7   7],0.574666666667
[ 27 138 139 104  27 149],0.556666666667
[ 51  93 139 100  51   0],0.583333333333
[ 27 131  33  24  15   0],0.612666666667
[148 134  13  81 141 137],0.586
[133  71 132 140 147   2],0.58
[ 54  26 140 101  25   3],0.594666666667
[139 130 139 105  51   2],0.603333333333
[ 30 134 139   3  52   2],0.582666666667
[140 135   4  52  17   1],0.592666666667
[ 51 133  39 137   7   1],0.608666666667
[ 61 132 144  80  44   4],0.588
[112  67 139  24  56   3],0.583333333333
[ 49 138 140 100   9 134],0.586
[ 54  58 138 107  13 136],0.603333333333
[137 135 135 143  49   2],0.586666666667
[148 137 139 115 146  37],0.563333333333
[145 132  30 103  22   1],0.587333333333
[ 10 130 117 115  36   3],0.559333333333
[ 53 123 131 143  22 140],0.592666666667
[ 53 135  39  52  52   1],0.597333333333
[140  63   2  65  15   1],0.596
[137 131 138 142  26  44],0.573333333333
[ 12 133  39 143  51  37],0.592
[ 29   0 141 104  81   0],0.584666666667
[ 25 133   0 103  51   0],0.588
[ 62  72  39  20  50 135],0.592
[136  26 141   3 147 140],0.544666666667
[ 49  93 142 113  81   2],0.581333333333
[ 79 130  35  65  22   0],0.6
[ 61  60   0  82 147   5],0.599333333333
[ 35 135 139  15  56   2],0.592666666667
[ 62 144   3   2  42   5],0.600666666667
[ 54 127 138  67   8   1],0.603333333333
[139 130 142  20  49   0],0.608666666667
[ 51 130  26   0   7   3],0.606
[121  61 118  81  25   3],0.53
[ 61 135 141   7   9 130],0.613333333333
[121  36 140 145  42 137],0.555333333333
[ 53 104 142  65  50   3],0.576666666667
[117 127 141   2  54 134],0.588666666667
[ 21  36  11   6 143   1],0.637333333333
[ 32 132   0  19   7   6],0.604
[ 27 139  14 103  51   1],0.602666666667
[137 144 136   3  42 135],0.568666666667
[ 78  59 142  18  20  71],0.584666666667
[ 57 131  16  26  81   1],0.596
[ 62   0  32  77 124   7],0.594
[145 132  30 103   7  37],0.601333333333
[ 54 131  14 103  22   1],0.596
[ 31 131  30 103  22  36],0.569333333333
[145 132  22  22  44  10],0.58
[ 54 135 138 143  51   1],0.596
[ 61  66  35 105   7 142],0.6
[ 30 130 110  23   8   1],0.596
[ 24 129 133  65  15   3],0.571333333333
[136  36   4 103  52 149],0.574
[147 131  13 135  19   2],0.566666666667
[122 135  16  64 147   0],0.569333333333
[133 133  13 133  29   2],0.595333333333
[ 58 132  14  86   7   0],0.616
[54 68  6 67 42  2],0.574
[ 10  66 115   0  36  91],0.593333333333
[139   0  34  80  14   0],0.603333333333
[ 63 101  33 137   7   0],0.616
[ 32  37  41 100  81   1],0.583333333333
[ 29 132 135  80  52   3],0.586
[ 34 135 128  64  40  68],0.555333333333
[ 27  57 143  64   9   0],0.586
[ 49  56 136 112 146   0],0.616666666667
[141 135 112 103 141   3],0.551333333333
[121 132 119  25   8   3],0.562
[148 135  40  80  83   0],0.618
[ 51 131 139 100  51  37],0.59
[ 63  66   0 133  50   0],0.578666666667
[139 130 137 133   2   0],0.601333333333
[ 12 132  38   1  81  71],0.619333333333
[34 59 43  0 81  0],0.606666666667
[ 53 134 143 110  39 143],0.578
[23 36 42  0 66  2],0.590666666667
[ 27  88 137 109  52   2],0.567333333333
[145  66 135 113  40   2],0.584666666667
[49  0 32 21 17  0],0.594666666667
[139 132  39   0   5   3],0.585333333333
[ 31 132 132 138  39 130],0.577333333333
[ 41 135 138 145  23   5],0.570666666667
[ 61 130  39  82  52   5],0.609333333333
[108 136  20  65  52 135],0.568
[148 132  35  94  50   2],0.614666666667
[ 30  93 133  54  15   3],0.585333333333
[121  98 144  63  42 140],0.572
[ 53 132  13 101  45   0],0.61
[24 72 39 83 51  0],0.592
[ 82   0 128  13  50   2],0.598666666667
[109 135 139 137  12 135],0.56
[ 51   2 115 140  24   4],0.586666666667
[82  0 39 81 22  9],0.578666666667
[ 51  72 113  13  50   2],0.569333333333
[135  69  38  20  26 149],0.574666666667
[139 131 138  65  36   8],0.598
[ 24  58  41 139  19 130],0.6
[143 126 135  85 146 147],0.550666666667
[ 49  67 129   0  53   6],0.594666666667
[ 50 116 135  27  39 140],0.582666666667
[148 131  30  21  20   0],0.594666666667
[ 51  26 139 100  51 139],0.594
[117  66  15 105  42   0],0.579333333333
[140  72  74  52  28   1],0.607333333333
[51 56 13  0 51  0],0.606
[ 49  36 144 105  44   3],0.575333333333
[144  56 135 105  80   0],0.614666666667
[ 53   2   4  61 146   4],0.600666666667
[ 49 127  35  13  26   6],0.523333333333
[137  58  41   0  45   0],0.597333333333
[ 49  58 138 107  13   2],0.604
[ 54  60  39  19  52 140],0.601333333333
[ 50  67   0 137   7 141],0.589333333333
[ 56  54 139  85  58 128],0.592666666667
[ 78 135  35 107   7  37],0.586666666667
[ 64 129  35 103  19   1],0.57
[ 51 132 112 105 141 131],0.601333333333
[121   1  35  25   8   3],0.588
[126  60 132  66  55   0],0.57
[148  36  37   0  21 135],0.612
[109 131 141  81  81 142],0.588666666667
[ 81  59 140 116  42   3],0.578
[ 53 134 132  81  49 137],0.614
[ 28 143 135   0  46   1],0.597333333333
[121  98 129 101  49 140],0.577333333333
[10  1 13 85 42  5],0.576666666667
[139 147  13 143 146   3],0.552666666667
[ 53 136  44 104  51   0],0.61
[ 62  64 141 105   8 128],0.574666666667
[ 82   0 136  58  66   0],0.576
[ 81 130  41 104 149   2],0.588666666667
[ 51   0 144  27  41   1],0.598666666667
[ 82 147  35  89  51 126],0.557333333333
[ 50 133 134  13 149   0],0.602
[56 67 35 25 21  4],0.527333333333
[143  66  32 143  51 142],0.566666666667
[ 42 126 131  18   7   8],0.557333333333
[145 130 128  80  19 137],0.587333333333
[ 60   0 136  65  52   0],0.593333333333
[ 79 133  42 133  16 142],0.61
[ 25 132 136 106   7 139],0.566666666667
[ 63   2   0   0  50 135],0.598
[142  66 138 104  25   0],0.584666666667
[ 49 129  35  22  41   0],0.608
[133  66 114 105 144 140],0.550666666667
[120 130 128  25  52   3],0.604666666667
[145  88   2 113  52   2],0.586666666667
[122   0 137  81  55   0],0.599333333333
[ 61 135  26 103  43   0],0.592
[ 80 132  12  23  44   3],0.582
[139  56 133  89  52   0],0.581333333333
[ 49 130 136 106 122   0],0.594
[ 24  58 135  82  19 129],0.584
[ 49  54   6 137  66 147],0.591333333333
[ 49 131 145  25  51   3],0.581333333333
[53 35 32 86 39  0],0.62
[27  2 76 19  7  0],0.605333333333
[139  72 130 105  36   0],0.579333333333
[ 31 138  39 100 119   0],0.583333333333
[ 73  70 129 106   7 128],0.570666666667
[ 27 135 136 148 146   3],0.549333333333
[ 25  56 133  21  54   3],0.569333333333
[ 49 149 129 109  35   0],0.589333333333
[136  67   0  25  49   0],0.603333333333
[ 27  67   3 139  44   0],0.607333333333
[ 54  64 132 100  75  41],0.582
[ 81 130 144  19 143 135],0.614666666667
[ 54  32 137  27 149   1],0.618
[ 34 135 135  80  27 147],0.592
[135  95 133  20  52  68],0.592
[ 53 130 136 106  37  73],0.574666666667
[108 136 132  79  39   2],0.58
[109  93  76  54  20 140],0.597333333333
[ 78  39 137 137   7   0],0.608
[32  0 46  2 21  2],0.593333333333
[143 132  40  81   7   3],0.577333333333
[ 50   2  39 133  28 134],0.581333333333
[ 60   0 139  81  22 135],0.609333333333
[139 130   0 133  52   0],0.592666666667
[113 129 115 105  50   4],0.545333333333
[ 82 147 136 137   7   0],0.596666666667
[ 34  71  40   4  12 140],0.568666666667
[ 61  26 144  13  19 135],0.582666666667
[ 49  33 140  55  19   0],0.626
[ 83 135  16   0  27   2],0.608
[133 131 139 133   7  82],0.589333333333
